2453
1781
1300
2043
1660
2102
2123
2393
2060
2061
2970
2002
1905
1809
1806
1807
1788
1906
1769
1669
1811
1782
1674
1616
1483
1496
1479
1386
1404
1500
1376
1414
1510
1362
1396
1487
1599
1309
1282
1375
2479
1312
1322
1277
1370
1274
1301
1247
1362
1312
1387
1333
1617
1709
1404
1234
1335
1239
1670
1297
1248
1634
1420
1234
1399
1377
1250
1341
1447
1245
1208
1206
1222
1362
1210
1310
1329
1259
1335
1218
1314
1306
2055
1209
1217
1222
1206
1203
1335
1203
1338
1882
1384
1335
1625
1413
1608
1172
1174
1203
1186
1208
1357
1193
1172
1283
1264
1306
1186
1281
1416
1184
1212
1172
1355
1184
2379
1170
1242
1192
1186
1574
1180
1245
1867
1159
1159
1401
1130
1262
1103
1098
1110
1100
1072
1163
1077
1029
1068
1029
1029
1162
1048
1029
1093
1031
1039
1301
1032
1236
1027
1027
1028
1158
1230
1118
1428
1031
1033
1668
1194
1079
1107
1226
1015
1178
1023
1080
1155
1545
1004
1100
991
995
1176
1156
1470
1125
1160
1080
1059
1030
980
1016
1008
981
1035
981
1094
1017
984
1160
979
979
1074
1048
980
978
975
1074
972
1206
1139
968
1032
947
962
946
1208
985
941
1030
1162
1161
941
1832
942
992
1009
985
960
967
945
1004
940
1005
943
1181
949
943
1008
1044
1114
1085
1040
940
1196
964
1025
1063
1083
1116
947
960
998
1856
940
976
994
980
940
941
954
939
945
1073
949
976
1003
950
1011
978
941
1066
940
988
940
1186
940
1490
940
1803
952
1173
952
1082
952
1030
1160
1437
1041
951
951
951
940
993
1123
1190
1052
952
987
965
1073
1133
951
937
1603
952
1081
975
953
989
1071
1066
1451
1131
973
1076
1195
1061
1157
939
924
937
925
928
923
938
923
942
1003
948
923
985
922
918
920
942
1122
1012
923
924
918
992
932
1004
1069
1142
931
955
918
925
918
1612
1026
929
951
920
996
944
930
957
930
939
917
936
1637
930
944
932
1084
923
985
1162
916
922
918
1297
982
1171
1025
981
981
1119
1245
1970
1038
929
929
943
979
936
939
916
994
916
919
1046
916
995
1024
917
1609
1062
929
926
943
971
944
1050
919
916
915
927
1084
925
930
1008
1235
947
988
915
1350
1031
1728
920
935
954
1054
918
982
1013
919
936
1300
932
1064
936
1612
918
915
922
929
1022
1023
967
1145
927
1101
915
1009
1004
969
917
1041
980
993
959
920
959
1104
1072
1223
913
913
1108
1601
913
1172
976
926
1070
914
1113
1614
913
991
935
1000
914
1072
930
978
930
925
943
915
1069
1056
1133
1160
1099
913
1549
1030
1095
914
913
919
979
930
1744
939
1047
913
926
923
987
1073
916
940
918
1178
914
913
915
991
966
966
913
978
945
1060
1014
978
941
926
1109
934
913
982
939
1619
914
1281
1171
1122
1016
1121
954
913
1096
913
914
953
1075
1151
953
912
921
988
1083
912
913
987
996
1068
929
912
957
913
1038
1098
1006
920
1140
978
1500
989
1199
1170
915
952
939
912
912
930
916
1004
913
981
912
912
912
1373
981
1035
1228
927
925
977
913
1185
913
922
1544
975
1016
938
1117
1045
1134
953
911
927
917
910
910
973
1230
1057
1030
1059
910
918
909
1051
1035
1078
935
919
922
912
908
960
923
998
912
1626
1838
960
1030
949
910
908
909
1182
909
921
910
933
921
1191
1034
960
916
1116
996
924
947
979
1042
911
973
1141
926
908
914
921
1631
1032
949
921
938
925
929
1065
916
1343
914
908
935
909
1180
975
1085
908
908
921
1059
907
981
921
948
984
907
929
911
1475
1036
1025
1037
1027
1286
933
908
912
907
1049
1011
970
919
910
2110
982
1159
978
920
915
973
920
1288
920
1035
1221
920
915
1003
1016
919
1034
970
922
972
949
1002
1172
1023
1012
1354
920
930
1670
1097
926
920
908
935
916
1416
912
1024
914
979
907
908
907
1259
1017
976
908
1310
1032
911
1063
947
908
932
924
971
1004
907
970
1080
909
914
920
1385
917
917
948
911
907
909
920
912
920
921
913
921
908
1050
959
970
974
947
952
907
907
929
1367
976
929
1411
908
909
1475
1475
1031
922
1038
1286
907
971
957
912
907
922
907
986
933
1422
973
1132
959
948
934
960
1158
1038
1104
909
934
906
983
908
1101
1036
911
908
985
1303
929
1002
909
945
1750
906
1023
915
909
988
971
909
1062
1495
906
908
1024
947
916
945
1104
1066
1400
1223
919
972
919
1359
1536
906
907
1011
912
1075
1061
2062
960
1001
920
919
1536
1063
909
960
909
1049
907
1037
1032
940
975
1024
1053
1011
997
1605
906
919
906
1519
914
1013
1053
911
911
914
906
906
1600
909
1047
919
1014
906
934
907
922
1415
907
954
1011
923
945
913
1202
1062
1006
1208
1232
1117
963
940
942
1599
917
908
907
921
932
984
1016
1077
1010
910
915
921
1094
1221
909
946
924
1005
1293
1175
923
911
914
932
1002
906
916
1296
1274
907
1088
979
1156
1242
910
1038
938
972
916
918
929
916
934
1049
1532
907
933
1036
982
929
998
913
926
1170
1068
1096
1147
1179
971
1049
919
1007
948
907
929
1089
917
909
906
906
907
907
910
948
908
1523
923
906
919
2141
1434
960
980
960
1146
973
971
919
969
923
998
1192
1063
1156
1410
945
946
1041
1476
916
908
907
1367
906
906
1166
939
980
909
920
933
1088
915
906
960
1359
906
990
1032
1627
950
906
909
910
973
997
985
906
1129
1004
906
972
931
1025
906
938
906
935
997
911
945
906
948
1032
948
961
907
936
906
1434
1166
933
1154
958
949
1768
907
1184
997
921
906
934
950
923
1052
1103
1028
1040
912
921
909
1066
1496
908
932
945
1098
1062
906
1095
1082
905
905
915
934
925
977
909
910
1047
1019
946
1613
936
919
1024
1004
989
906
992
906
1037
969
1294
1495
907
911
1255
920
908
1015
910
905
909
951
1242
974
911
977
919
905
907
970
1099
1579
931
967
1234
905
1222
907
914
970
962
911
943
914
1013
1024
1625
985
905
916
909
983
972
968
1438
905
970
927
905
905
905
921
920
916
998
1026
911
2061
919
914
977
1260
1195
996
907
926
905
935
1019
1103
938
1013
1362
1144
905
925
906
964
1625
913
906
912
904
985
1086
984
945
1080
927
919
1156
969
990
907
975
1014
917
906
993
966
1113
957
996
1093
917
907
958
908
905
1023
983
904
968
919
1047
907
1074
907
929
930
919
1320
1073
1117
943
983
1789
953
1060
904
995
913
930
1075
912
988
916
967
905
946
951
1075
1036
947
904
1023
969
1034
918
1035
1023
934
910
916
911
1008
931
949
1078
935
903
1085
903
922
956
994
903
1113
1711
909
917
903
933
948
917
929
901
904
1869
981
960
939
916
923
916
927
937
915
901
965
914
918
1057
905
914
927
1029
908
907
902
1028
1060
1062
913
906
1090
937
977
901
1010
929
923
901
1069
901
1019
952
901
911
1006
1036
1043
983
902
901
1008
902
965
901
940
904
1414
901
1362
1131
914
1732
1295
901
914
1848
966
989
905
905
902
1084
1382
901
993
953
955
993
909
1109
928
901
928
1007
928
1035
1343
1047
948
902
902
1462
1347
967
909
910
922
902
904
907
901
909
1084
915
1048
915
940
992
1410
901
910
919
904
1146
930
1005
901
931
1044
1662
1020
944
989
1376
1069
1036
1006
904
901
981
965
1186
947
901
1293
979
916
1073
904
1460
917
927
901
914
901
1044
1020
914
953
902
915
1035
901
914
902
917
911
916
916
900
1108
902
992
966
902
910
991
910
939
963
1034
1531
939
1085
915
965
900
915
901
903
979
952
909
902
908
1753
1089
1057
906
941
913
910
904
902
914
1121
906
965
1100
1238
906
916
953
1056
926
914
1073
1034
966
1034
973
963
1582
936
940
1005
904
914
977
1035
1009
1069
1014
900
901
901
991
900
913
993
1075
915
906
957
913
905
1015
903
913
901
900
1195
908
1623
900
998
977
952
942
1035
906
902
911
916
913
930
938
1108
901
924
905
1094
981
1082
1018
978
915
966
991
900
957
939
1095
965
963
913
986
914
902
930
926
902
917
901
1095
913
900
913
900
913
1671
1108
965
1040
1165
953
1226
915
965
996
925
924
963
1108
920
1022
963
965
917
1284
978
992
992
1056
961
952
905
1285
900
900
994
1251
903
930
1059
911
1495
899
903
948
912
902
1016
1723
901
903
1031
1031
1067
1031
1148
1044
1462
902
918
1211
899
1093
913
907
907
947
913
900
1043
912
1022
1224
912
911
906
925
899
900
1003
954
899
913
899
899
913
899
910
965
903
981
1186
938
924
967
1073
1076
1013
1280
1055
938
1151
900
903
915
1121
908
904
1081
899
1067
900
1282
977
904
899
906
1024
977
963
1098
912
938
909
938
1028
1086
902
898
1041
1240
967
898
1044
930
901
1044
907
901
912
1115
1011
924
906
1227
950
926
1051
1091
937
1251
1057
1677
908
989
1131
938
898
912
1347
1213
1048
899
898
967
1070
938
898
989
899
1065
906
945
1193
904
924
960
961
909
937
1120
906
924
911
1019
981
912
898
898
913
898
898
939
968
911
920
898
900
1159
1073
1094
924
960
1259
898
976
898
952
898
903
937
898
898
916
898
898
976
1145
974
969
1005
937
898
901
1249
950
1184
2053
913
1030
991
982
1115
915
941
1014
900
1336
1032
1007
1034
919
901
992
937
1167
925
933
1187
899
1036
915
975
913
911
898
918
902
964
1107
1054
1019
914
898
910
908
935
1146
899
903
1115
1082
990
913
1171
899
1341
898
926
924
902
911
899
910
898
1106
937
974
1783
1718
1132
899
969
899
903
934
976
1069
1002
912
1012
898
932
1030
1032
1103
1032
902
965
1151
903
908
953
911
1051
898
965
923
912
905
1201
917
905
906
1042
914
911
976
898
898
938
903
939
903
948
908
909
909
911
898
1041
1210
1100
903
912
913
964
925
899
909
909
1015
1017
1184
941
1014
974
961
989
1109
1063
898
950
1220
975
898
1016
1165
898
1016
898
1015
898
1028
1028
937
1008
910
1031
899
995
906
937
898
899
898
943
899
898
1041
911
1115
907
900
898
911
1845
902
937
1003
905
898
898
898
1041
911
1646
898
898
919
1097
906
913
1004
925
1031
900
967
952
912
1458
906
907
907
917
916
901
918
1544
918
911
1212
898
965
964
903
928
924
1313
1074
906
909
1340
996
1739
911
903
1016
1031
938
898
1342
976
898
1321
910
903
1002
906
906
971
1108
955
1338
1043
914
898
995
1321
906
898
911
899
1117
936
914
963
899
911
911
899
914
963
914
1076
911
898
898
1093
899
1015
1031
976
922
908
948
898
937
1083
903
1028
899
901
986
937
913
900
906
1007
1054
925
1093
903
901
898
1151
927
950
1041
1828
924
898
898
901
911
899
898
905
898
951
912
900
901
1013
898
899
1002
904
938
901
931
965
898
920
1977
899
991
905
899
1032
911
935
932
914
898
910
898
898
1529
963
912
1080
1105
1075
973
1093
1805
1341
932
989
928
1080
1016
963
913
964
989
898
898
952
935
902
911
901
898
937
899
1383
911
922
898
898
924
1162
901
1106
905
898
898
981
963
901
1056
898
905
1041
911
898
1067
1004
1020
899
1229
915
1000
1171
1040
1041
911
1130
1054
949
898
1083
898
1018
937
991
937
902
910
898
901
1129
947
943
902
1015
908
1097
952
917
979
898
995
925
978
1080
1041
1120
971
961
920
899
898
898
917
900
898
950
911
1175
898
898
1106
1161
965
911
925
898
1279
1054
933
901
903
1248
1069
898
913
910
924
1080
1601
963
950
900
965
912
1659
901
918
981
928
930
1241
900
1055
901
1056
1015
942
916
938
911
953
937
1317
1101
898
1041
1242
1012
1042
1057
968
898
1046
898
898
926
976
898
899
898
911
963
1015
960
915
924
1070
963
1017
912
908
911
917
1047
935
1032
1312
963
1041
938
898
899
1213
1048
998
898
967
1069
899
899
899
1221
927
899
950
1314
939
975
923
916
963
912
1084
1156
1028
1016
981
899
898
1033
927
898
963
909
912
898
898
898
1230
899
898
900
1146
1073
1093
924
1258
898
975
898
908
910
926
899
1088
1004
1007
898
963
1029
898
904
951
915
903
907
898
913
920
900
907
937
920
898
898
909
1041
900
902
1133
1171
989
898
934
1035
898
943
1179
950
1336
1018
963
931
1032
1007
1034
912
1093
990
937
912
983
976
918
978
899
1080
916
1070
920
900
916
905
950
1082
963
982
1093
1529
1132
961
928
990
911
1115
1205
899
925
912
925
899
1015
898
1081
912
924
924
954
1416
914
898
987
909
898
934
937
939
1055
989
898
951
921
976
1002
971
979
961
899
898
1118
1030
963
1033
924
950
900
1102
1150
900
918
928
900
952
1093
1054
902
989
1080
905
909
899
1151
1067
1080
898
938
1002
899
898
974
1001
1090
898
1025
1751
966
1041
921
1041
1087
913
911
911
913
1142
901
946
937
924
958
911
898
937
918
963
963
910
910
901
906
944
912
924
963
899
1061
2328
1466
1024
970
1015
1037
999
901
1002
1276
1120
898
927
898
898
1158
1060
943
919
911
963
937
901
1074
1106
1411
898
1294
969
908
1560
905
900
1054
898
898
1845
902
1177
1009
1003
903
898
950
924
898
909
900
898
898
1191
929
961
1142
938
898
961
1089
898
1094
1029
964
953
920
898
898
1015
899
1006
898
901
982
899
919
1064
898
1157
898
991
916
938
1040
905
979
923
898
928
1041
923
1004
929
982
1344
915
898
1544
915
1058
1284
950
1106
1542
1288
1233
965
950
906
938
898
924
898
898
961
907
1015
903
911
899
1117
935
903
911
909
906
899
914
963
912
1070
907
903
898
898
898
1130
912
1028
898
927
913
1004
904
917
976
908
903
898
1052
951
976
1106
901
898
1151
963
898
927
1223
913
898
900
911
899
898
898
899
900
899
898
1315
900
901
1013
898
899
1002
904
938
901
931
965
898
921
1028
899
991
898
1023
1671
1290
1170
1184
925
1047
898
920
1041
898
1529
963
1080
1072
964
1255
909
973
1093
898
970
931
1080
915
992
1166
1003
1028
1054
1068
898
954
937
918
903
1080
899
913
1211
925
901
898
900
898
1029
1042
906
1251
904
938
911
1159
898
898
907
951
968
913
898
1107
1016
918
899
1080
924
1303
919
986
917
1157
997
933
1067
1073
903
911
996
898
1128
989
1020
963
916
937
931
920
902
907
907
995
947
943
902
1015
1723
900
1514
901
1057
919
905
898
955
1405
1108
1229
908
912
1019
1032
898
898
1059
898
899
915
1201
900
1157
1333
899
898
963
1039
976
934
998
912
955
1185
937
1177
1087
1055
924
1003
1405
1183
898
898
898
985
911
924
985
903
898
1004
899
906
1023
965
1098
911
937
908
937
964
1084
952
937
1252
1101
898
999
909
1137
1172
1029
898
1030
930
900
899
912
901
899
959
1011
924
898
1538
906
1067
942
898
1028
1095
1639
914
1165
939
903
1144
912
900
915
1541
911
913
927
1084
898
971
1054
1074
899
945
1065
906
986
1135
981
1218
911
960
909
924
1088
906
1028
900
898
1095
905
907
898
906
898
917
900
911
976
1004
978
899
919
963
1527
924
924
1291
907
1194
904
960
1008
922
958
903
1081
912
902
898
898
913
1055
898
898
976
1018
924
992
1592
898
1028
898
898
925
967
1290
898
900
898
920
1041
1023
912
898
1107
1041
977
937
1439
1242
910
922
906
898
931
966
1045
901
1044
898
898
1015
911
994
1607
938
912
898
966
963
937
1039
1784
907
1109
914
898
910
908
935
1146
899
984
898
1002
899
963
1041
1408
966
924
902
1041
1656
898
1041
898
898
950
946
1048
900
911
910
1132
899
899
903
920
974
989
971
979
961
899
898
1118
1088
899
911
965
911
950
976
898
928
933
910
1051
898
898
1093
908
1275
972
925
907
1377
898
1151
1080
898
938
914
948
909
898
1289
901
906
1041
909
899
1412
1101
978
1086
899
1029
981
904
937
1078
901
900
899
898
1049
905
963
963
915
910
901
910
977
912
925
963
899
996
2301
1466
1024
954
912
1016
924
911
1220
1015
1120
898
927
958
1054
899
908
898
1052
919
898
990
1002
1294
909
966
899
900
898
898
910
907
1074
1107
1411
912
939
1296
1029
941
998
1106
900
899
898
1127
898
1093
1017
926
1591
1019
1003
1118
898
898
1083
1646
898
898
919
906
900
1004
925
911
1015
932
902
903
970
915
984
911
898
911
938
942
1529
1052
989
905
953
1466
916
902
1108
1157
898
931
964
901
1119
1003
911
1339
898
976
950
1041
1003
901
923
920
1096
963
1066
965
1036
1303
902
950
924
940
1016
1054
911
903
1092
898
902
898
995
1109
898
901
911
911
908
1067
1511
898
898
898
1032
989
902
913
898
900
1687
914
898
927
901
925
1296
976
901
1072
1109
937
957
916
913
951
899
898
898
902
910
911
901
898
898
911
1025
1050
900
956
911
995
1606
904
1116
898
898
1095
937
1084
903
1055
931
907
989
902
903
1012
901
911
1068
998
928
898
915
1041
914
965
910
903
1210
915
938
902
1256
973
1093
931
898
1016
963
913
964
912
900
912
902
911
935
898
911
898
971
899
898
966
898
1016
1161
902
1106
904
899
898
963
901
1056
898
985
924
1106
1052
898
1067
1003
1020
898
1228
915
984
1219
976
911
907
913
1054
949
898
1083
898
1018
937
1259
937
902
910
898
901
1114
995
946
943
902
1015
908
1084
1081
916
979
898
995
912
909
1041
1120
1223
926
961
920
990
1032
898
899
1054
898
924
899
899
1015
901
962
1157
1333
899
898
963
976
1555
998
911
955
937
1175
1184
904
1075
969
898
924
1262
898
1065
914
900
925
939
911
1080
1600
963
937
900
1176
1010
1659
901
917
957
1490
901
898
940
903
1107
1199
900
1157
900
1041
1246
1012
1041
1162
1060
970
898
1046
899
898
926
976
898
900
898
911
963
1017
961
916
898
924
1070
1035
963
1017
898
1107
911
920
1047
1025
1052
899
1171
1067
1017
937
961
938
924
911
956
1278
1114
900
1002
950
1015
931
899
950
1301
939
911
1086
906
908
1514
899
909
1096
1031
906
1374
898
906
898
919
907
912
981
978
899
919
963
1527
924
911
1185
1214
954
1033
924
898
926
899
1103
1004
1007
898
995
912
1238
898
903
898
917
1042
963
1007
906
937
898
900
1249
925
903
1184
913
1016
978
944
898
915
898
906
925
1152
1054
910
906
898
991
903
921
917
960
898
1015
913
1607
938
898
965
950
937
1039
1783
997
1109
914
898
911
1028
1512
963
976
899
937
950
926
925
1159
1002
898
1081
1048
915
924
924
950
1019
1084
916
914
898
934
917
898
1002
989
970
979
961
911
1012
898
1067
1016
964
963
1033
924
902
937
950
908
926
2011
910
1080
1218
1654
924
909
950
987
915
908
1275
968
1109
932
903
1377
898
1067
1067
898
1048
1050
1002
912
935
938
913
898
902
902
898
943
912
899
1205
929
1086
912
960
913
1093
898
925
898
899
1255
901
907
948
912
924
963
899
995
2304
1466
1024
1043
906
1098
909
908
1015
1015
898
924
920
898
1065
947
898
908
1018
921
989
937
898
937
1093
985
912
984
898
899
958
1080
1107
1535
898
990
898
903
950
1175
937
1003
901
898
1026
1080
898
1119
911
961
1008
990
1121
898
1007
899
942
1029
908
1116
902
898
898
921
899
898
907
904
915
902
898
901
982
899
899
976
911
991
916
938
899
1076
1024
923
898
898
906
1129
937
949
959
956
1093
924
915
981
1344
915
898
1482
915
1044
904
983
898
1304
963
1080
1216
901
899
1270
1229
1321
912
903
1091
898
899
924
898
1109
906
898
898
911
1056
1023
899
907
1310
960
899
911
899
914
903
912
1062
898
898
1130
1687
997
1028
924
978
917
1088
906
984
900
978
937
907
900
906
1007
910
904
926
924
924
913
900
912
898
924
899
898
1132
963
920
911
1026
915
950
1080
1063
1017
977
1020
913
898
1043
898
898
933
906
927
911
921
1038
904
977
1068
898
927
898
915
948
1002
937
937
910
899
950
1093
1033
904
929
898
1115
911
1004
1094
1013
1028
975
1038
903
965
898
1016
963
913
964
989
898
898
953
1154
937
918
898
1080
898
914
1197
925
902
912
900
898
1029
1042
1095
906
980
904
937
1056
898
905
1028
1106
908
905
929
1925
910
1067
911
899
903
898
976
913
981
913
1005
949
899
1553
903
1218
1185
898
937
1176
899
1061
1045
989
969
946
943
938
950
1722
901
901
1518
923
1015
1030
912
913
940
976
1041
898
1028
909
1716
1003
1038
1080
898
1041
898
912
919
956
899
915
1490
911
898
912
1156
1124
913
1099
1093
924
1081
898
1590
898
898
900
898
1017
912
903
1080
898
907
900
926
1137
898
1026
1249
937
905
898
971
1009
997
1450
898
1028
911
937
1084
928
1028
1030
1120
933
982
1110
1084
904
898
898
965
898
900
1054
898
898
924
1070
927
973
939
1017
898
912
916
1732
984
1047
1044
899
1080
1054
904
1031
1053
928
1028
1085
904
1144
912
900
914
1520
911
976
900
898
899
905
898
1065
986
945
975
1218
911
951
960
909
899
906
905
1514
898
909
1096
1002
898
906
992
898
900
1016
925
1229
961
982
963
1527
924
911
898
926
1291
907
1194
903
962
898
1268
898
952
956
898
906
926
904
921
1087
1195
1004
1007
898
950
944
1325
898
903
898
904
951
915
903
906
898
898
1059
919
900
911
937
920
898
898
1115
1023
935
1553
1091
937
1054
962
974
906
977
1119
951
1029
1053
1106
909
922
907
919
901
931
914
918
1044
898
917
918
950
1360
976
898
898
1002
950
937
1042
1783
1109
906
898
1751
907
965
917
1620
1683
911
963
1082
1002
963
912
1041
1408
898
1340
971
913
900
903
1655
898
908
1041
902
946
898
1002
917
940
898
913
924
1044
903
921
912
899
941
1108
1028
926
911
902
1358
950
1028
1016
1050
898
899
1093
898
1334
909
905
966
978
1109
937
1019
963
1151
1067
1067
976
1029
901
903
1275
964
1035
910
909
898
899
960
899
1864
929
943
914
903
906
912
911
938
937
924
958
911
898
937
916
963
963
908
910
901
942
912
963
899
921
1044
958
991
973
976
1087
1003
932
959
940
1015
1016
898
906
898
919
988
914
924
1046
901
1018
899
995
905
937
960
1059
914
994
961
1277
998
899
1106
914
898
900
982
1163
1083
907
979
977
898
898
1108
1646
898
898
946
919
906
900
909
898
1031
898
898
902
898
1054
950
915
1455
958
950
904
907
904
899
903
898
900
982
898
1531
1729
919
1064
898
1143
898
991
901
1054
898
1114
898
993
928
1103
928
918
950
966
937
898
1342
992
963
906
898
1321
910
903
1002
917
970
961
898
898
902
1288
974
1447
929
952
899
900
903
960
997
898
912
899
898
960
1038
900
938
918
905
1154
1080
899
899
959
1423
898
937
991
908
909
963
898
898
1130
1689
898
971
898
913
927
901
898
898
1006
963
898
959
990
908
904
924
1195
1460
1021
1161
1054
976
900
1093
900
899
1153
901
963
903
927
1223
912
924
951
898
903
899
961
898
1098
900
1015
898
915
1215
1016
937
989
1606
904
900
901
1002
900
969
927
930
966
1403
1295
921
1028
899
910
898
899
923
1033
934
1056
1466
1123
975
1133
950
911
937
2029
1033
904
929
898
1158
911
1528
909
1137
902
1185
899
922
903
965
1010
1080
1016
963
1337
1093
1327
898
901
953
936
898
913
902
898
901
924
911
940
898
966
948
926
898
991
912
1089
898
905
898
903
937
1043
976
905
1028
899
911
899
1024
945
898
952
1100
978
898
899
912
1045
1032
911
899
928
1856
1018
928
898
1212
995
912
937
898
899
977
927
1095
1198
899
908
898
991
1088
905
906
898
1074
924
1259
909
915
1080
1068
909
904
969
946
943
906
1509
907
1722
900
902
1030
907
1050
1102
1115
1015
947
964
921
1024
976
1021
901
941
1745
1815
899
904
898
1273
1003
926
899
912
1081
898
898
900
1024
898
1019
907
911
1162
898
898
912
898
1028
965
915
1095
908
951
901
1295
1168
904
961
898
1018
986
1002
902
984
912
902
903
898
977
950
900
965
961
1006
937
899
916
1087
923
956
1019
1490
901
906
1694
1027
977
967
898
979
1121
1036
981
1215
934
1222
1024
1078
950
901
1426
1028
898
1030
929
1024
898
900
906
950
910
899
1145
1352
924
1103
1403
1059
906
905
1684
925
939
941
1072
899
1048
1012
1030
1003
901
972
946
901
1753
1077
961
952
924
937
938
898
917
1107
1684
924
1654
1101
961
1106
907
916
901
950
1301
938
902
913
921
989
1084
1157
908
1007
911
898
1023
963
1231
901
1099
898
1057
1067
1157
904
910
905
1140
1003
899
902
1152
1213
903
1213
989
1003
924
903
898
963
898
952
898
1471
961
904
901
911
1083
1195
1004
1007
1276
898
1015
912
1238
898
963
898
937
1475
1434
903
906
900
898
1288
925
899
910
905
1043
910
916
902
898
898
1016
908
978
1135
1236
1100
1183
898
1028
1108
1597
1221
950
1291
1450
1240
1137
1054
1105
909
1215
1030
914
1093
918
900
931
1213
915
960
1160
1735
911
994
1093
938
899
899
898
926
902
941
899
954
945
901
902
902
944
1529
1132
961
899
1056
990
911
911
910
1073
898
899
925
984
898
1002
898
1067
899
962
899
898
1095
901
913
900
898
1056
903
913
916
901
898
1529
1089
899
898
1008
950
911
911
1004
911
1336
1500
975
905
1162
1160
964
1012
898
1117
908
898
911
902
939
911
1014
950
898
928
920
1065
906
900
898
898
898
1093
898
1087
911
906
978
1109
967
935
904
1312
899
1150
1067
1067
898
975
911
911
902
1275
898
1287
1536
1465
943
912
930
1346
1191
979
905
937
1078
911
899
909
1025
899
976
1171
970
901
943
898
907
1084
988
899
898
902
1013
898
1017
1135
1009
950
899
901
1253
1108
937
898
924
1688
924
1015
962
898
898
988
1285
918
898
977
1002
1295
1030
1054
901
898
911
909
1002
900
1347
912
958
1080
904
1171
915
1086
898
1249
991
898
1091
1094
963
902
1354
924
1159
937
898
1119
950
942
989
906
949
976
1024
898
933
899
898
900
898
899
1018
951
1027
1453
906
900
1016
899
992
982
898
904
899
933
2030
1004
950
898
905
927
924
1313
898
901
979
960
903
912
898
1083
911
898
955
1093
928
992
983
1014
905
909
898
1481
908
1171
1044
904
974
904
898
1528
989
903
1444
973
1426
929
953
911
924
905
904
899
898
964
906
898
899
898
900
975
909
899
903
981
944
898
1095
962
904
907
906
1002
962
1163
976
1019
1093
911
904
1042
1081
904
1343
899
924
905
898
960
990
903
903
924
1335
1161
994
910
904
925
1093
902
899
903
1150
963
1041
1828
924
898
898
901
911
899
961
898
898
977
1015
903
912
901
899
910
900
1013
898
1002
904
967
927
899
930
966
898
917
1977
899
992
951
898
1023
1670
1290
1168
899
1226
1133
912
899
926
898
1540
898
915
964
952
898
1256
908
972
1093
1217
911
898
898
1016
963
964
989
898
898
