0.201831   2453
0.403663   1781
0.605494   1300
0.807326   1300
1.009157   1300
1.210989   1300
1.412820   1300
1.614651   1300
1.816483   1300
2.018314   1300
2.220146   1300
2.421977   1300
2.623809   1300
2.825640   1300
3.027472   1300
3.229303   1300
3.431134   1300
3.632966   1300
3.834797   1300
4.036629   1300
4.238460   1300
4.440292   1300
4.642123   1300
4.843954   1300
5.045786   1300
5.247617   1300
5.449449   1300
5.651280   1300
5.853112   1300
6.054943   1300
6.256774   1300
6.458606   1300
6.660437   1300
6.862269   1300
7.064100   1300
7.265932   1300
7.467763   1300
7.669594   1300
7.871426   1282
8.073257   1282
8.275089   1282
8.476920   1282
8.678752   1282
8.880583   1277
9.082415   1277
9.284246   1274
9.486077   1274
9.687909   1247
9.889740   1247
10.091572   1247
10.293403   1247
10.495235   1247
10.697066   1247
10.898897   1247
11.100729   1247
11.302560   1234
11.504392   1234
11.706223   1234
11.908055   1234
12.109886   1234
12.311717   1234
12.513549   1234
12.715380   1234
12.917212   1234
13.119043   1234
13.320875   1234
13.522706   1234
13.724537   1234
13.926369   1234
14.128200   1234
14.330032   1208
14.531863   1206
14.733695   1206
14.935526   1206
15.137358   1206
15.339189   1206
15.541020   1206
15.742852   1206
15.944683   1206
16.146515   1206
16.348346   1206
16.550178   1206
16.752009   1206
16.953840   1206
17.155672   1206
17.357503   1206
17.559335   1206
17.761166   1203
17.962998   1203
18.164829   1203
18.366660   1203
18.568492   1203
18.770323   1203
18.972155   1203
19.173986   1203
19.375818   1203
19.577649   1203
19.779480   1172
19.981312   1172
20.183143   1172
20.384975   1172
20.586806   1172
20.788638   1172
20.990469   1172
21.192301   1172
21.394132   1172
21.595963   1172
21.797795   1172
21.999626   1172
22.201458   1172
22.403289   1172
22.605121   1172
22.806952   1172
23.008783   1172
23.210615   1172
23.412446   1172
23.614278   1172
23.816109   1170
24.017941   1170
24.219772   1170
24.421603   1170
24.623435   1170
24.825266   1170
25.027098   1170
25.228929   1170
25.430761   1159
25.632592   1159
25.834423   1159
26.036255   1130
26.238086   1130
26.439918   1103
26.641749   1098
26.843581   1098
27.045412   1098
27.247244   1072
27.449075   1072
27.650906   1072
27.852738   1029
28.054569   1029
28.256401   1029
28.458232   1029
28.660064   1029
28.861895   1029
29.063726   1029
29.265558   1029
29.467389   1029
29.669221   1029
29.871052   1029
30.072884   1029
30.274715   1029
30.476546   1027
30.678378   1027
30.880209   1027
31.082041   1027
31.283872   1027
31.485704   1027
31.687535   1027
31.889366   1027
32.091198   1027
32.293029   1027
32.494861   1027
32.696692   1027
32.898524   1027
33.100355   1027
33.302187   1015
33.504018   1015
33.705849   1015
33.907681   1015
34.109512   1015
34.311344   1015
34.513175   1004
34.715007   1004
34.916838   991
35.118669   991
35.320501   991
35.522332   991
35.724164   991
35.925995   991
36.127827   991
36.329658   991
36.531489   991
36.733321   991
36.935152   980
37.136984   980
37.338815   980
37.540647   980
37.742478   980
37.944309   980
38.146141   980
38.347972   980
38.549804   980
38.751635   980
38.953467   979
39.155298   979
39.357130   979
39.558961   979
39.760792   979
39.962624   978
40.164455   975
40.366287   975
40.568118   972
40.769950   972
40.971781   972
41.173612   968
41.375444   968
41.577275   947
41.779107   947
41.980938   946
42.182770   946
42.384601   946
42.586432   941
42.788264   941
42.990095   941
43.191927   941
43.393758   941
43.595590   941
43.797421   941
43.999252   941
44.201084   941
44.402915   941
44.604747   941
44.806578   941
45.008410   941
45.210241   941
45.412073   940
45.613904   940
45.815735   940
46.017567   940
46.219398   940
46.421230   940
46.623061   940
46.824893   940
47.026724   940
47.228555   940
47.430387   940
47.632218   940
47.834050   940
48.035881   940
48.237713   940
48.439544   940
48.641375   940
48.843207   940
49.045038   940
49.246870   940
49.448701   940
49.650533   940
49.852364   940
50.054195   940
50.256027   940
50.457858   940
50.659690   940
50.861521   940
51.063353   940
51.265184   939
51.467016   939
51.668847   939
51.870678   939
52.072510   939
52.274341   939
52.476173   939
52.678004   939
52.879836   939
53.081667   939
53.283498   939
53.485330   939
53.687161   939
53.888993   939
54.090824   939
54.292656   939
54.494487   939
54.696318   939
54.898150   939
55.099981   939
55.301813   939
55.503644   939
55.705476   939
55.907307   939
56.109138   939
56.310970   939
56.512801   939
56.714633   939
56.916464   939
57.118296   939
57.320127   939
57.521959   939
57.723790   939
57.925621   939
58.127453   939
58.329284   939
58.531116   939
58.732947   939
58.934779   939
59.136610   939
59.338441   939
59.540273   939
59.742104   937
59.943936   937
60.145767   937
60.347599   937
60.549430   937
60.751261   937
60.953093   937
61.154924   937
61.356756   937
61.558587   937
61.760419   937
61.962250   937
62.164081   937
62.365913   937
62.567744   937
62.769576   937
62.971407   937
63.173239   924
63.375070   924
63.576902   924
63.778733   924
63.980564   923
64.182396   923
64.384227   923
64.586059   923
64.787890   923
64.989722   923
65.191553   923
65.393384   923
65.595216   922
65.797047   918
65.998879   918
66.200710   918
66.402542   918
66.604373   918
66.806204   918
67.008036   918
67.209867   918
67.411699   918
67.613530   918
67.815362   918
68.017193   918
68.219024   918
68.420856   918
68.622687   918
68.824519   918
69.026350   918
69.228182   918
69.430013   918
69.631845   918
69.833676   918
70.035507   918
70.237339   918
70.439170   918
70.641002   918
70.842833   918
71.044665   918
71.246496   918
71.448327   918
71.650159   917
71.851990   917
72.053822   917
72.255653   917
72.457485   917
72.659316   917
72.861147   917
73.062979   917
73.264810   917
73.466642   917
73.668473   916
73.870305   916
74.072136   916
74.273967   916
74.475799   916
74.677630   916
74.879462   916
75.081293   916
75.283125   916
75.484956   916
75.686788   916
75.888619   916
76.090450   916
76.292282   916
76.494113   916
76.695945   916
76.897776   916
77.099608   916
77.301439   916
77.503270   916
77.705102   916
77.906933   916
78.108765   916
78.310596   916
78.512428   916
78.714259   916
78.916090   916
79.117922   916
79.319753   916
79.521585   916
79.723416   916
79.925248   916
80.127079   916
80.328910   916
80.530742   916
80.732573   916
80.934405   916
81.136236   916
81.338068   915
81.539899   915
81.741731   915
81.943562   915
82.145393   915
82.347225   915
82.549056   915
82.750888   915
82.952719   915
83.154551   915
83.356382   915
83.558213   915
83.760045   915
83.961876   915
84.163708   915
84.365539   915
84.567371   915
84.769202   915
84.971033   915
85.172865   915
85.374696   915
85.576528   915
85.778359   915
85.980191   915
86.182022   915
86.383853   915
86.585685   915
86.787516   915
86.989348   915
87.191179   915
87.393011   915
87.594842   915
87.796674   915
87.998505   915
88.200336   915
88.402168   915
88.603999   915
88.805831   915
89.007662   915
89.209494   915
89.411325   915
89.613156   915
89.814988   915
90.016819   915
90.218651   915
90.420482   915
90.622314   915
90.824145   915
91.025976   915
91.227808   915
91.429639   915
91.631471   913
91.833302   913
92.035134   913
92.236965   913
92.438796   913
92.640628   913
92.842459   913
93.044291   913
93.246122   913
93.447954   913
93.649785   913
93.851617   913
94.053448   913
94.255279   913
94.457111   913
94.658942   913
94.860774   913
95.062605   913
95.264437   913
95.466268   913
95.668099   913
95.869931   913
96.071762   913
96.273594   913
96.475425   913
96.677257   913
96.879088   913
97.080919   913
97.282751   913
97.484582   913
97.686414   913
97.888245   913
98.090077   913
98.291908   913
98.493739   913
98.695571   913
98.897402   913
99.099234   913
99.301065   913
99.502897   913
99.704728   913
99.906560   913
100.108391   913
100.310222   913
100.512054   913
100.713885   913
100.915717   913
101.117548   913
101.319380   913
101.521211   913
101.723042   913
101.924874   913
102.126705   913
102.328537   913
102.530368   913
102.732200   913
102.934031   913
103.135862   913
103.337694   913
103.539525   913
103.741357   913
103.943188   913
104.145020   913
104.346851   913
104.548682   913
104.750514   913
104.952345   913
105.154177   913
105.356008   913
105.557840   913
105.759671   913
105.961503   913
106.163334   913
106.365165   913
106.566997   913
106.768828   913
106.970660   913
107.172491   913
107.374323   913
107.576154   913
107.777985   913
107.979817   913
108.181648   913
108.383480   913
108.585311   913
108.787143   912
108.988974   912
109.190805   912
109.392637   912
109.594468   912
109.796300   912
109.998131   912
110.199963   912
110.401794   912
110.603625   912
110.805457   912
111.007288   912
111.209120   912
111.410951   912
111.612783   912
111.814614   912
112.016446   912
112.218277   912
112.420108   912
112.621940   912
112.823771   912
113.025603   912
113.227434   912
113.429266   912
113.631097   912
113.832928   912
114.034760   912
114.236591   912
114.438423   912
114.640254   912
114.842086   912
115.043917   912
115.245748   912
115.447580   912
115.649411   912
115.851243   912
116.053074   912
116.254906   912
116.456737   912
116.658568   912
116.860400   912
117.062231   912
117.264063   912
117.465894   912
117.667726   912
117.869557   912
118.071389   912
118.273220   912
118.475051   912
118.676883   912
118.878714   912
119.080546   912
119.282377   912
119.484209   912
119.686040   912
119.887871   911
120.089703   911
120.291534   911
120.493366   910
120.695197   910
120.897029   910
121.098860   910
121.300691   910
121.502523   910
121.704354   910
121.906186   910
122.108017   910
122.309849   909
122.511680   909
122.713511   909
122.915343   909
123.117174   909
123.319006   909
123.520837   909
123.722669   909
123.924500   908
124.126332   908
124.328163   908
124.529994   908
124.731826   908
124.933657   908
125.135489   908
125.337320   908
125.539152   908
125.740983   908
125.942814   908
126.144646   908
126.346477   908
126.548309   908
126.750140   908
126.951972   908
127.153803   908
127.355634   908
127.557466   908
127.759297   908
127.961129   908
128.162960   908
128.364792   908
128.566623   908
128.768454   908
128.970286   908
129.172117   908
129.373949   908
129.575780   908
129.777612   908
129.979443   908
130.181275   908
130.383106   908
130.584937   908
130.786769   908
130.988600   908
131.190432   908
131.392263   908
131.594095   908
131.795926   908
131.997757   908
132.199589   908
132.401420   908
132.603252   908
132.805083   908
133.006915   908
133.208746   908
133.410577   908
133.612409   908
133.814240   908
134.016072   908
134.217903   908
134.419735   908
134.621566   908
134.823397   908
135.025229   908
135.227060   908
135.428892   907
135.630723   907
135.832555   907
136.034386   907
136.236218   907
136.438049   907
136.639880   907
136.841712   907
137.043543   907
137.245375   907
137.447206   907
137.649038   907
137.850869   907
138.052700   907
138.254532   907
138.456363   907
138.658195   907
138.860026   907
139.061858   907
139.263689   907
139.465520   907
139.667352   907
139.869183   907
140.071015   907
140.272846   907
140.474678   907
140.676509   907
140.878340   907
141.080172   907
141.282003   907
141.483835   907
141.685666   907
141.887498   907
142.089329   907
142.291161   907
142.492992   907
142.694823   907
142.896655   907
143.098486   907
143.300318   907
143.502149   907
143.703981   907
143.905812   907
144.107643   907
144.309475   907
144.511306   907
144.713138   907
144.914969   907
145.116801   907
145.318632   907
145.520463   907
145.722295   907
145.924126   907
146.125958   907
146.327789   907
146.529621   907
146.731452   907
146.933283   907
147.135115   907
147.336946   907
147.538778   907
147.740609   907
147.942441   907
148.144272   907
148.346104   907
148.547935   907
148.749766   907
148.951598   907
149.153429   907
149.355261   907
149.557092   907
149.758924   907
149.960755   907
150.162586   907
150.364418   907
150.566249   907
150.768081   907
150.969912   907
151.171744   907
151.373575   907
151.575406   907
151.777238   907
151.979069   907
152.180901   907
152.382732   907
152.584564   907
152.786395   907
152.988226   907
153.190058   907
153.391889   907
153.593721   907
153.795552   907
153.997384   907
154.199215   907
154.401047   907
154.602878   907
154.804709   907
155.006541   907
155.208372   907
155.410204   907
155.612035   907
155.813867   907
156.015698   907
156.217529   907
156.419361   907
156.621192   907
156.823024   907
157.024855   907
157.226687   907
157.428518   907
157.630349   907
157.832181   907
158.034012   907
158.235844   907
158.437675   907
158.639507   907
158.841338   907
159.043170   907
159.245001   907
159.446832   907
159.648664   907
159.850495   907
160.052327   907
160.254158   907
160.455990   907
160.657821   907
160.859652   907
161.061484   907
161.263315   907
161.465147   907
161.666978   907
161.868810   907
162.070641   907
162.272472   907
162.474304   907
162.676135   907
162.877967   907
163.079798   907
163.281630   907
163.483461   907
163.685292   907
163.887124   907
164.088955   907
164.290787   906
164.492618   906
164.694450   906
164.896281   906
165.098113   906
165.299944   906
165.501775   906
165.703607   906
165.905438   906
166.107270   906
166.309101   906
166.510933   906
166.712764   906
166.914595   906
167.116427   906
167.318258   906
167.520090   906
167.721921   906
167.923753   906
168.125584   906
168.327415   906
168.529247   906
168.731078   906
168.932910   906
169.134741   906
169.336573   906
169.538404   906
169.740235   906
169.942067   906
170.143898   906
170.345730   906
170.547561   906
170.749393   906
170.951224   906
171.153056   906
171.354887   906
171.556718   906
171.758550   906
171.960381   906
172.162213   906
172.364044   906
172.565876   906
172.767707   906
172.969538   906
173.171370   906
173.373201   906
173.575033   906
173.776864   906
173.978696   906
174.180527   906
174.382358   906
174.584190   906
174.786021   906
174.987853   906
175.189684   906
175.391516   906
175.593347   906
175.795178   906
175.997010   906
176.198841   906
176.400673   906
176.602504   906
176.804336   906
177.006167   906
177.207999   906
177.409830   906
177.611661   906
177.813493   906
178.015324   906
178.217156   906
178.418987   906
178.620819   906
178.822650   906
179.024481   906
179.226313   906
179.428144   906
179.629976   906
179.831807   906
180.033639   906
180.235470   906
180.437301   906
180.639133   906
180.840964   906
181.042796   906
181.244627   906
181.446459   906
181.648290   906
181.850121   906
182.051953   906
182.253784   906
182.455616   906
182.657447   906
182.859279   906
183.061110   906
183.262942   906
183.464773   906
183.666604   906
183.868436   906
184.070267   906
184.272099   906
184.473930   906
184.675762   906
184.877593   906
185.079424   906
185.281256   906
185.483087   906
185.684919   906
185.886750   906
186.088582   906
186.290413   906
186.492244   906
186.694076   906
186.895907   906
187.097739   906
187.299570   906
187.501402   906
187.703233   906
187.905064   906
188.106896   906
188.308727   906
188.510559   906
188.712390   906
188.914222   906
189.116053   906
189.317885   906
189.519716   906
189.721547   906
189.923379   906
190.125210   906
190.327042   906
190.528873   906
190.730705   906
190.932536   906
191.134367   906
191.336199   906
191.538030   906
191.739862   906
191.941693   906
192.143525   906
192.345356   906
192.547187   906
192.749019   906
192.950850   906
193.152682   906
193.354513   906
193.556345   906
193.758176   906
193.960007   906
194.161839   906
194.363670   906
194.565502   906
194.767333   906
194.969165   906
195.170996   906
195.372828   906
195.574659   906
195.776490   906
195.978322   906
196.180153   906
196.381985   906
196.583816   906
196.785648   906
196.987479   906
197.189310   906
197.391142   906
197.592973   906
197.794805   906
197.996636   906
198.198468   906
198.400299   906
198.602130   906
198.803962   906
199.005793   906
199.207625   906
199.409456   906
199.611288   906
199.813119   906
200.014950   906
200.216782   906
200.418613   906
200.620445   906
200.822276   906
201.024108   906
201.225939   906
201.427771   906
201.629602   906
201.831433   906
202.033265   906
202.235096   906
202.436928   906
202.638759   906
202.840591   906
203.042422   906
203.244253   906
203.446085   906
203.647916   906
203.849748   906
204.051579   906
204.253411   906
204.455242   906
204.657073   906
204.858905   906
205.060736   906
205.262568   906
205.464399   906
205.666231   906
205.868062   906
206.069893   906
206.271725   906
206.473556   906
206.675388   906
206.877219   906
207.079051   906
207.280882   906
207.482714   906
207.684545   906
207.886376   906
208.088208   906
208.290039   906
208.491871   906
208.693702   906
208.895534   906
209.097365   906
209.299196   906
209.501028   906
209.702859   906
209.904691   906
210.106522   906
210.308354   906
210.510185   906
210.712016   906
210.913848   906
211.115679   906
211.317511   906
211.519342   906
211.721174   906
211.923005   906
212.124836   906
212.326668   906
212.528499   906
212.730331   906
212.932162   906
213.133994   906
213.335825   906
213.537657   906
213.739488   906
213.941319   906
214.143151   906
214.344982   906
214.546814   906
214.748645   906
214.950477   906
215.152308   906
215.354139   906
215.555971   906
215.757802   906
215.959634   906
216.161465   906
216.363297   906
216.565128   906
216.766959   906
216.968791   906
217.170622   906
217.372454   906
217.574285   906
217.776117   906
217.977948   906
218.179779   906
218.381611   906
218.583442   906
218.785274   906
218.987105   906
219.188937   906
219.390768   906
219.592600   906
219.794431   906
219.996262   906
220.198094   906
220.399925   906
220.601757   906
220.803588   906
221.005420   906
221.207251   906
221.409082   906
221.610914   905
221.812745   905
222.014577   905
222.216408   905
222.418240   905
222.620071   905
222.821902   905
223.023734   905
223.225565   905
223.427397   905
223.629228   905
223.831060   905
224.032891   905
224.234722   905
224.436554   905
224.638385   905
224.840217   905
225.042048   905
225.243880   905
225.445711   905
225.647543   905
225.849374   905
226.051205   905
226.253037   905
226.454868   905
226.656700   905
226.858531   905
227.060363   905
227.262194   905
227.464025   905
227.665857   905
227.867688   905
228.069520   905
228.271351   905
228.473183   905
228.675014   905
228.876845   905
229.078677   905
229.280508   905
229.482340   905
229.684171   905
229.886003   905
230.087834   905
230.289665   905
230.491497   905
230.693328   905
230.895160   905
231.096991   905
231.298823   905
231.500654   905
231.702486   905
231.904317   905
232.106148   905
232.307980   905
232.509811   905
232.711643   905
232.913474   905
233.115306   905
233.317137   905
233.518968   905
233.720800   905
233.922631   905
234.124463   905
234.326294   905
234.528126   905
234.729957   905
234.931788   905
235.133620   905
235.335451   905
235.537283   905
235.739114   905
235.940946   905
236.142777   905
236.344608   905
236.546440   905
236.748271   905
236.950103   905
237.151934   905
237.353766   905
237.555597   905
237.757429   905
237.959260   905
238.161091   905
238.362923   905
238.564754   905
238.766586   905
238.968417   905
239.170249   905
239.372080   905
239.573911   905
239.775743   905
239.977574   905
240.179406   905
240.381237   905
240.583069   905
240.784900   905
240.986731   905
241.188563   905
241.390394   905
241.592226   905
241.794057   905
241.995889   905
242.197720   905
242.399551   905
242.601383   904
242.803214   904
243.005046   904
243.206877   904
243.408709   904
243.610540   904
243.812372   904
244.014203   904
244.216034   904
244.417866   904
244.619697   904
244.821529   904
245.023360   904
245.225192   904
245.427023   904
245.628854   904
245.830686   904
246.032517   904
246.234349   904
246.436180   904
246.638012   904
246.839843   904
247.041674   904
247.243506   904
247.445337   904
247.647169   904
247.849000   904
248.050832   904
248.252663   904
248.454494   904
248.656326   904
248.858157   904
249.059989   904
249.261820   904
249.463652   904
249.665483   904
249.867315   904
250.069146   904
250.270977   904
250.472809   904
250.674640   904
250.876472   904
251.078303   904
251.280135   904
251.481966   904
251.683797   904
251.885629   904
252.087460   904
252.289292   904
252.491123   904
252.692955   904
252.894786   904
253.096617   904
253.298449   904
253.500280   904
253.702112   904
253.903943   904
254.105775   904
254.307606   904
254.509437   904
254.711269   904
254.913100   904
255.114932   904
255.316763   904
255.518595   904
255.720426   904
255.922258   904
256.124089   904
256.325920   904
256.527752   904
256.729583   904
256.931415   904
257.133246   904
257.335078   904
257.536909   904
257.738740   904
257.940572   904
258.142403   904
258.344235   903
258.546066   903
258.747898   903
258.949729   903
259.151560   903
259.353392   903
259.555223   903
259.757055   903
259.958886   903
260.160718   903
260.362549   903
260.564380   903
260.766212   903
260.968043   903
261.169875   903
261.371706   903
261.573538   901
261.775369   901
261.977201   901
262.179032   901
262.380863   901
262.582695   901
262.784526   901
262.986358   901
263.188189   901
263.390021   901
263.591852   901
263.793683   901
263.995515   901
264.197346   901
264.399178   901
264.601009   901
264.802841   901
265.004672   901
265.206503   901
265.408335   901
265.610166   901
265.811998   901
266.013829   901
266.215661   901
266.417492   901
266.619323   901
266.821155   901
267.022986   901
267.224818   901
267.426649   901
267.628481   901
267.830312   901
268.032144   901
268.233975   901
268.435806   901
268.637638   901
268.839469   901
269.041301   901
269.243132   901
269.444964   901
269.646795   901
269.848626   901
270.050458   901
270.252289   901
270.454121   901
270.655952   901
270.857784   901
271.059615   901
271.261446   901
271.463278   901
271.665109   901
271.866941   901
272.068772   901
272.270604   901
272.472435   901
272.674266   901
272.876098   901
273.077929   901
273.279761   901
273.481592   901
273.683424   901
273.885255   901
274.087087   901
274.288918   901
274.490749   901
274.692581   901
274.894412   901
275.096244   901
275.298075   901
275.499907   901
275.701738   901
275.903569   901
276.105401   901
276.307232   901
276.509064   901
276.710895   901
276.912727   901
277.114558   901
277.316389   901
277.518221   901
277.720052   901
277.921884   901
278.123715   901
278.325547   901
278.527378   901
278.729209   901
278.931041   901
279.132872   901
279.334704   901
279.536535   901
279.738367   901
279.940198   901
280.142030   901
280.343861   901
280.545692   901
280.747524   901
280.949355   901
281.151187   901
281.353018   901
281.554850   901
281.756681   901
281.958512   901
282.160344   901
282.362175   901
282.564007   901
282.765838   901
282.967670   901
283.169501   901
283.371332   901
283.573164   901
283.774995   901
283.976827   901
284.178658   901
284.380490   901
284.582321   901
284.784152   901
284.985984   901
285.187815   901
285.389647   901
285.591478   901
285.793310   901
285.995141   901
286.196973   901
286.398804   901
286.600635   901
286.802467   901
287.004298   901
287.206130   901
287.407961   901
287.609793   901
287.811624   901
288.013455   901
288.215287   901
288.417118   901
288.618950   901
288.820781   901
289.022613   901
289.224444   901
289.426275   901
289.628107   901
289.829938   901
290.031770   901
290.233601   901
290.435433   901
290.637264   901
290.839095   901
291.040927   901
291.242758   901
291.444590   901
291.646421   901
291.848253   901
292.050084   901
292.251916   901
292.453747   901
292.655578   901
292.857410   901
293.059241   901
293.261073   901
293.462904   900
293.664736   900
293.866567   900
294.068398   900
294.270230   900
294.472061   900
294.673893   900
294.875724   900
295.077556   900
295.279387   900
295.481218   900
295.683050   900
295.884881   900
296.086713   900
296.288544   900
296.490376   900
296.692207   900
296.894038   900
297.095870   900
297.297701   900
297.499533   900
297.701364   900
297.903196   900
298.105027   900
298.306859   900
298.508690   900
298.710521   900
298.912353   900
299.114184   900
299.316016   900
299.517847   900
299.719679   900
299.921510   900
300.123341   900
300.325173   900
300.527004   900
300.728836   900
300.930667   900
301.132499   900
301.334330   900
301.536161   900
301.737993   900
301.939824   900
302.141656   900
302.343487   900
302.545319   900
302.747150   900
302.948981   900
303.150813   900
303.352644   900
303.554476   900
303.756307   900
303.958139   900
304.159970   900
304.361802   900
304.563633   900
304.765464   900
304.967296   900
305.169127   900
305.370959   900
305.572790   900
305.774622   900
305.976453   900
306.178284   900
306.380116   900
306.581947   900
306.783779   900
306.985610   900
307.187442   900
307.389273   900
307.591104   900
307.792936   900
307.994767   900
308.196599   900
308.398430   900
308.600262   900
308.802093   900
309.003925   900
309.205756   900
309.407587   900
309.609419   900
309.811250   900
310.013082   900
310.214913   900
310.416745   900
310.618576   900
310.820407   900
311.022239   900
311.224070   900
311.425902   900
311.627733   900
311.829565   900
312.031396   900
312.233227   900
312.435059   900
312.636890   900
312.838722   900
313.040553   900
313.242385   900
313.444216   900
313.646047   900
313.847879   900
314.049710   900
314.251542   900
314.453373   900
314.655205   900
314.857036   900
315.058868   900
315.260699   900
315.462530   900
315.664362   900
315.866193   900
316.068025   900
316.269856   900
316.471688   900
316.673519   900
316.875350   900
317.077182   900
317.279013   900
317.480845   900
317.682676   900
317.884508   900
318.086339   900
318.288170   900
318.490002   900
318.691833   900
318.893665   900
319.095496   900
319.297328   900
319.499159   900
319.700990   900
319.902822   900
320.104653   900
320.306485   900
320.508316   900
320.710148   900
320.911979   900
321.113811   900
321.315642   900
321.517473   900
321.719305   900
321.921136   900
322.122968   900
322.324799   900
322.526631   900
322.728462   900
322.930293   900
323.132125   900
323.333956   900
323.535788   900
323.737619   900
323.939451   900
324.141282   900
324.343113   900
324.544945   900
324.746776   900
324.948608   900
325.150439   900
325.352271   900
325.554102   900
325.755933   900
325.957765   900
326.159596   900
326.361428   900
326.563259   900
326.765091   900
326.966922   900
327.168754   900
327.370585   899
327.572416   899
327.774248   899
327.976079   899
328.177911   899
328.379742   899
328.581574   899
328.783405   899
328.985236   899
329.187068   899
329.388899   899
329.590731   899
329.792562   899
329.994394   899
330.196225   899
330.398056   899
330.599888   899
330.801719   899
331.003551   899
331.205382   899
331.407214   899
331.609045   899
331.810876   899
332.012708   899
332.214539   899
332.416371   899
332.618202   899
332.820034   899
333.021865   899
333.223697   899
333.425528   899
333.627359   899
333.829191   899
334.031022   899
334.232854   899
334.434685   899
334.636517   899
334.838348   899
335.040179   899
335.242011   899
335.443842   899
335.645674   899
335.847505   899
336.049337   899
336.251168   899
336.452999   899
336.654831   899
336.856662   899
337.058494   899
337.260325   899
337.462157   899
337.663988   899
337.865819   899
338.067651   899
338.269482   899
338.471314   899
338.673145   899
338.874977   899
339.076808   899
339.278640   899
339.480471   899
339.682302   899
339.884134   899
340.085965   899
340.287797   899
340.489628   899
340.691460   899
340.893291   899
341.095122   899
341.296954   899
341.498785   899
341.700617   899
341.902448   899
342.104280   899
342.306111   899
342.507942   899
342.709774   899
342.911605   899
343.113437   899
343.315268   899
343.517100   899
343.718931   899
343.920762   899
344.122594   899
344.324425   899
344.526257   899
344.728088   898
344.929920   898
345.131751   898
345.333583   898
345.535414   898
345.737245   898
345.939077   898
346.140908   898
346.342740   898
346.544571   898
346.746403   898
346.948234   898
347.150065   898
347.351897   898
347.553728   898
347.755560   898
347.957391   898
348.159223   898
348.361054   898
348.562885   898
348.764717   898
348.966548   898
349.168380   898
349.370211   898
349.572043   898
349.773874   898
349.975705   898
350.177537   898
350.379368   898
350.581200   898
350.783031   898
350.984863   898
351.186694   898
351.388526   898
351.590357   898
351.792188   898
351.994020   898
352.195851   898
352.397683   898
352.599514   898
352.801346   898
353.003177   898
353.205008   898
353.406840   898
353.608671   898
353.810503   898
354.012334   898
354.214166   898
354.415997   898
354.617828   898
354.819660   898
355.021491   898
355.223323   898
355.425154   898
355.626986   898
355.828817   898
356.030648   898
356.232480   898
356.434311   898
356.636143   898
356.837974   898
357.039806   898
357.241637   898
357.443469   898
357.645300   898
357.847131   898
358.048963   898
358.250794   898
358.452626   898
358.654457   898
358.856289   898
359.058120   898
359.259951   898
359.461783   898
359.663614   898
359.865446   898
360.067277   898
360.269109   898
360.470940   898
360.672771   898
360.874603   898
361.076434   898
361.278266   898
361.480097   898
361.681929   898
361.883760   898
362.085591   898
362.287423   898
362.489254   898
362.691086   898
362.892917   898
363.094749   898
363.296580   898
363.498412   898
363.700243   898
363.902074   898
364.103906   898
364.305737   898
364.507569   898
364.709400   898
364.911232   898
365.113063   898
365.314894   898
365.516726   898
365.718557   898
365.920389   898
366.122220   898
366.324052   898
366.525883   898
366.727714   898
366.929546   898
367.131377   898
367.333209   898
367.535040   898
367.736872   898
367.938703   898
368.140534   898
368.342366   898
368.544197   898
368.746029   898
368.947860   898
369.149692   898
369.351523   898
369.553355   898
369.755186   898
369.957017   898
370.158849   898
370.360680   898
370.562512   898
370.764343   898
370.966175   898
371.168006   898
371.369837   898
371.571669   898
371.773500   898
371.975332   898
372.177163   898
372.378995   898
372.580826   898
372.782657   898
372.984489   898
373.186320   898
373.388152   898
373.589983   898
373.791815   898
373.993646   898
374.195477   898
374.397309   898
374.599140   898
374.800972   898
375.002803   898
375.204635   898
375.406466   898
375.608298   898
375.810129   898
376.011960   898
376.213792   898
376.415623   898
376.617455   898
376.819286   898
377.021118   898
377.222949   898
377.424780   898
377.626612   898
377.828443   898
378.030275   898
378.232106   898
378.433938   898
378.635769   898
378.837600   898
379.039432   898
379.241263   898
379.443095   898
379.644926   898
379.846758   898
380.048589   898
380.250420   898
380.452252   898
380.654083   898
380.855915   898
381.057746   898
381.259578   898
381.461409   898
381.663241   898
381.865072   898
382.066903   898
382.268735   898
382.470566   898
382.672398   898
382.874229   898
383.076061   898
383.277892   898
383.479723   898
383.681555   898
383.883386   898
384.085218   898
384.287049   898
384.488881   898
384.690712   898
384.892543   898
385.094375   898
385.296206   898
385.498038   898
385.699869   898
385.901701   898
386.103532   898
386.305363   898
386.507195   898
386.709026   898
386.910858   898
387.112689   898
387.314521   898
387.516352   898
387.718184   898
387.920015   898
388.121846   898
388.323678   898
388.525509   898
388.727341   898
388.929172   898
389.131004   898
389.332835   898
389.534666   898
389.736498   898
389.938329   898
390.140161   898
390.341992   898
390.543824   898
390.745655   898
390.947486   898
391.149318   898
391.351149   898
391.552981   898
391.754812   898
391.956644   898
392.158475   898
392.360306   898
392.562138   898
392.763969   898
392.965801   898
393.167632   898
393.369464   898
393.571295   898
393.773127   898
393.974958   898
394.176789   898
394.378621   898
394.580452   898
394.782284   898
394.984115   898
395.185947   898
395.387778   898
395.589609   898
395.791441   898
395.993272   898
396.195104   898
396.396935   898
396.598767   898
396.800598   898
397.002429   898
397.204261   898
397.406092   898
397.607924   898
397.809755   898
398.011587   898
398.213418   898
398.415249   898
398.617081   898
398.818912   898
399.020744   898
399.222575   898
399.424407   898
399.626238   898
399.828070   898
400.029901   898
400.231732   898
400.433564   898
400.635395   898
400.837227   898
401.039058   898
401.240890   898
401.442721   898
401.644552   898
401.846384   898
402.048215   898
402.250047   898
402.451878   898
402.653710   898
402.855541   898
403.057372   898
403.259204   898
403.461035   898
403.662867   898
403.864698   898
404.066530   898
404.268361   898
404.470192   898
404.672024   898
404.873855   898
405.075687   898
405.277518   898
405.479350   898
405.681181   898
405.883013   898
406.084844   898
406.286675   898
406.488507   898
406.690338   898
406.892170   898
407.094001   898
407.295833   898
407.497664   898
407.699495   898
407.901327   898
408.103158   898
408.304990   898
408.506821   898
408.708653   898
408.910484   898
409.112315   898
409.314147   898
409.515978   898
409.717810   898
409.919641   898
410.121473   898
410.323304   898
410.525135   898
410.726967   898
410.928798   898
411.130630   898
411.332461   898
411.534293   898
411.736124   898
411.937956   898
412.139787   898
412.341618   898
412.543450   898
412.745281   898
412.947113   898
413.148944   898
413.350776   898
413.552607   898
413.754438   898
413.956270   898
414.158101   898
414.359933   898
414.561764   898
414.763596   898
414.965427   898
415.167258   898
415.369090   898
415.570921   898
415.772753   898
415.974584   898
416.176416   898
416.378247   898
416.580078   898
416.781910   898
416.983741   898
417.185573   898
417.387404   898
417.589236   898
417.791067   898
417.992899   898
418.194730   898
418.396561   898
418.598393   898
418.800224   898
419.002056   898
419.203887   898
419.405719   898
419.607550   898
419.809381   898
420.011213   898
420.213044   898
420.414876   898
420.616707   898
420.818539   898
421.020370   898
421.222201   898
421.424033   898
421.625864   898
421.827696   898
422.029527   898
422.231359   898
422.433190   898
422.635021   898
422.836853   898
423.038684   898
423.240516   898
423.442347   898
423.644179   898
423.846010   898
424.047842   898
424.249673   898
424.451504   898
424.653336   898
424.855167   898
425.056999   898
425.258830   898
425.460662   898
425.662493   898
425.864324   898
426.066156   898
426.267987   898
426.469819   898
426.671650   898
426.873482   898
427.075313   898
427.277144   898
427.478976   898
427.680807   898
427.882639   898
428.084470   898
428.286302   898
428.488133   898
428.689964   898
428.891796   898
429.093627   898
429.295459   898
429.497290   898
429.699122   898
429.900953   898
430.102785   898
430.304616   898
430.506447   898
430.708279   898
430.910110   898
431.111942   898
431.313773   898
431.515605   898
431.717436   898
431.919267   898
432.121099   898
432.322930   898
432.524762   898
432.726593   898
432.928425   898
433.130256   898
433.332087   898
433.533919   898
433.735750   898
433.937582   898
434.139413   898
434.341245   898
434.543076   898
434.744907   898
434.946739   898
435.148570   898
435.350402   898
435.552233   898
435.754065   898
435.955896   898
436.157728   898
436.359559   898
436.561390   898
436.763222   898
436.965053   898
437.166885   898
437.368716   898
437.570548   898
437.772379   898
437.974210   898
438.176042   898
438.377873   898
438.579705   898
438.781536   898
438.983368   898
439.185199   898
439.387030   898
439.588862   898
439.790693   898
439.992525   898
440.194356   898
440.396188   898
440.598019   898
440.799850   898
441.001682   898
441.203513   898
441.405345   898
441.607176   898
441.809008   898
442.010839   898
442.212671   898
442.414502   898
442.616333   898
442.818165   898
443.019996   898
443.221828   898
443.423659   898
443.625491   898
443.827322   898
444.029153   898
444.230985   898
444.432816   898
444.634648   898
444.836479   898
445.038311   898
445.240142   898
445.441973   898
445.643805   898
445.845636   898
446.047468   898
446.249299   898
446.451131   898
446.652962   898
446.854793   898
447.056625   898
447.258456   898
447.460288   898
447.662119   898
447.863951   898
448.065782   898
448.267614   898
448.469445   898
448.671276   898
448.873108   898
449.074939   898
449.276771   898
449.478602   898
449.680434   898
449.882265   898
450.084096   898
450.285928   898
450.487759   898
450.689591   898
450.891422   898
451.093254   898
451.295085   898
451.496916   898
451.698748   898
451.900579   898
452.102411   898
452.304242   898
452.506074   898
452.707905   898
452.909736   898
453.111568   898
453.313399   898
453.515231   898
453.717062   898
453.918894   898
454.120725   898
454.322557   898
454.524388   898
454.726219   898
454.928051   898
455.129882   898
455.331714   898
455.533545   898
455.735377   898
455.937208   898
456.139039   898
456.340871   898
456.542702   898
456.744534   898
456.946365   898
457.148197   898
457.350028   898
457.551859   898
457.753691   898
457.955522   898
458.157354   898
458.359185   898
458.561017   898
458.762848   898
458.964679   898
459.166511   898
459.368342   898
459.570174   898
459.772005   898
459.973837   898
460.175668   898
460.377500   898
460.579331   898
460.781162   898
460.982994   898
461.184825   898
461.386657   898
461.588488   898
461.790320   898
461.992151   898
462.193982   898
462.395814   898
462.597645   898
462.799477   898
463.001308   898
463.203140   898
463.404971   898
463.606802   898
463.808634   898
464.010465   898
464.212297   898
464.414128   898
464.615960   898
464.817791   898
465.019623   898
465.221454   898
465.423285   898
465.625117   898
465.826948   898
466.028780   898
466.230611   898
466.432443   898
466.634274   898
466.836105   898
467.037937   898
467.239768   898
467.441600   898
467.643431   898
467.845263   898
468.047094   898
468.248925   898
468.450757   898
468.652588   898
468.854420   898
469.056251   898
469.258083   898
469.459914   898
469.661745   898
469.863577   898
470.065408   898
470.267240   898
470.469071   898
470.670903   898
470.872734   898
471.074566   898
471.276397   898
471.478228   898
471.680060   898
471.881891   898
472.083723   898
472.285554   898
472.487386   898
472.689217   898
472.891048   898
473.092880   898
473.294711   898
473.496543   898
473.698374   898
473.900206   898
474.102037   898
474.303868   898
474.505700   898
474.707531   898
474.909363   898
475.111194   898
475.313026   898
475.514857   898
475.716688   898
475.918520   898
476.120351   898
476.322183   898
476.524014   898
476.725846   898
476.927677   898
477.129509   898
477.331340   898
477.533171   898
477.735003   898
477.936834   898
478.138666   898
478.340497   898
478.542329   898
478.744160   898
478.945991   898
479.147823   898
479.349654   898
479.551486   898
479.753317   898
479.955149   898
480.156980   898
480.358811   898
480.560643   898
480.762474   898
480.964306   898
481.166137   898
481.367969   898
481.569800   898
481.771631   898
481.973463   898
482.175294   898
482.377126   898
482.578957   898
482.780789   898
482.982620   898
483.184452   898
483.386283   898
483.588114   898
483.789946   898
483.991777   898
484.193609   898
484.395440   898
484.597272   898
484.799103   898
485.000934   898
485.202766   898
485.404597   898
485.606429   898
485.808260   898
486.010092   898
486.211923   898
486.413754   898
486.615586   898
486.817417   898
487.019249   898
487.221080   898
487.422912   898
487.624743   898
487.826574   898
488.028406   898
488.230237   898
488.432069   898
488.633900   898
488.835732   898
489.037563   898
489.239395   898
489.441226   898
489.643057   898
489.844889   898
490.046720   898
490.248552   898
490.450383   898
490.652215   898
490.854046   898
491.055877   898
491.257709   898
491.459540   898
491.661372   898
491.863203   898
492.065035   898
492.266866   898
492.468697   898
492.670529   898
492.872360   898
493.074192   898
493.276023   898
493.477855   898
493.679686   898
493.881517   898
494.083349   898
494.285180   898
494.487012   898
494.688843   898
494.890675   898
495.092506   898
495.294338   898
495.496169   898
495.698000   898
495.899832   898
496.101663   898
496.303495   898
496.505326   898
496.707158   898
496.908989   898
497.110820   898
497.312652   898
497.514483   898
497.716315   898
497.918146   898
498.119978   898
498.321809   898
498.523640   898
498.725472   898
498.927303   898
499.129135   898
499.330966   898
499.532798   898
499.734629   898
499.936460   898
500.138292   898
500.340123   898
500.541955   898
500.743786   898
500.945618   898
501.147449   898
501.349281   898
501.551112   898
501.752943   898
501.954775   898
502.156606   898
502.358438   898
502.560269   898
502.762101   898
502.963932   898
503.165763   898
503.367595   898
503.569426   898
503.771258   898
503.973089   898
504.174921   898
504.376752   898
504.578583   898
504.780415   898
504.982246   898
505.184078   898
505.385909   898
505.587741   898
505.789572   898
505.991403   898
506.193235   898
506.395066   898
506.596898   898
506.798729   898
507.000561   898
507.202392   898
507.404224   898
507.606055   898
507.807886   898
508.009718   898
508.211549   898
508.413381   898
508.615212   898
508.817044   898
509.018875   898
509.220706   898
509.422538   898
509.624369   898
509.826201   898
510.028032   898
510.229864   898
510.431695   898
510.633526   898
510.835358   898
511.037189   898
511.239021   898
511.440852   898
511.642684   898
511.844515   898
512.046346   898
512.248178   898
512.450009   898
512.651841   898
512.853672   898
513.055504   898
513.257335   898
513.459167   898
513.660998   898
513.862829   898
514.064661   898
514.266492   898
514.468324   898
514.670155   898
514.871987   898
515.073818   898
515.275649   898
515.477481   898
515.679312   898
515.881144   898
516.082975   898
516.284807   898
516.486638   898
516.688469   898
516.890301   898
517.092132   898
517.293964   898
517.495795   898
517.697627   898
517.899458   898
518.101289   898
518.303121   898
518.504952   898
518.706784   898
518.908615   898
519.110447   898
519.312278   898
519.514110   898
519.715941   898
519.917772   898
520.119604   898
520.321435   898
520.523267   898
520.725098   898
520.926930   898
521.128761   898
521.330592   898
521.532424   898
521.734255   898
521.936087   898
522.137918   898
522.339750   898
522.541581   898
522.743412   898
522.945244   898
523.147075   898
523.348907   898
523.550738   898
523.752570   898
523.954401   898
524.156232   898
524.358064   898
524.559895   898
524.761727   898
524.963558   898
525.165390   898
525.367221   898
525.569053   898
525.770884   898
525.972715   898
526.174547   898
526.376378   898
526.578210   898
526.780041   898
526.981873   898
527.183704   898
527.385535   898
527.587367   898
527.789198   898
527.991030   898
528.192861   898
528.394693   898
528.596524   898
528.798355   898
529.000187   898
529.202018   898
529.403850   898
529.605681   898
529.807513   898
530.009344   898
530.211175   898
530.413007   898
530.614838   898
530.816670   898
531.018501   898
531.220333   898
531.422164   898
531.623996   898
531.825827   898
532.027658   898
532.229490   898
532.431321   898
532.633153   898
532.834984   898
533.036816   898
533.238647   898
533.440478   898
533.642310   898
533.844141   898
534.045973   898
534.247804   898
534.449636   898
534.651467   898
534.853298   898
535.055130   898
535.256961   898
535.458793   898
535.660624   898
535.862456   898
536.064287   898
536.266118   898
536.467950   898
536.669781   898
536.871613   898
537.073444   898
537.275276   898
537.477107   898
537.678939   898
537.880770   898
538.082601   898
538.284433   898
538.486264   898
538.688096   898
538.889927   898
539.091759   898
539.293590   898
539.495421   898
539.697253   898
539.899084   898
540.100916   898
540.302747   898
540.504579   898
540.706410   898
540.908241   898
541.110073   898
541.311904   898
541.513736   898
541.715567   898
541.917399   898
542.119230   898
542.321061   898
542.522893   898
542.724724   898
542.926556   898
543.128387   898
543.330219   898
543.532050   898
543.733882   898
543.935713   898
544.137544   898
544.339376   898
544.541207   898
544.743039   898
544.944870   898
545.146702   898
545.348533   898
545.550364   898
545.752196   898
545.954027   898
546.155859   898
546.357690   898
546.559522   898
546.761353   898
546.963184   898
547.165016   898
547.366847   898
547.568679   898
547.770510   898
547.972342   898
548.174173   898
548.376004   898
548.577836   898
548.779667   898
548.981499   898
549.183330   898
549.385162   898
549.586993   898
549.788825   898
549.990656   898
550.192487   898
550.394319   898
550.596150   898
550.797982   898
550.999813   898
551.201645   898
551.403476   898
551.605307   898
551.807139   898
552.008970   898
552.210802   898
552.412633   898
552.614465   898
552.816296   898
553.018127   898
553.219959   898
553.421790   898
553.623622   898
553.825453   898
554.027285   898
554.229116   898
554.430947   898
554.632779   898
554.834610   898
555.036442   898
555.238273   898
555.440105   898
555.641936   898
555.843768   898
556.045599   898
556.247430   898
556.449262   898
556.651093   898
556.852925   898
557.054756   898
557.256588   898
557.458419   898
557.660250   898
557.862082   898
558.063913   898
558.265745   898
558.467576   898
558.669408   898
558.871239   898
559.073070   898
559.274902   898
559.476733   898
559.678565   898
559.880396   898
560.082228   898
560.284059   898
560.485890   898
560.687722   898
560.889553   898
561.091385   898
561.293216   898
561.495048   898
561.696879   898
561.898711   898
562.100542   898
562.302373   898
562.504205   898
562.706036   898
562.907868   898
563.109699   898
563.311531   898
563.513362   898
563.715193   898
563.917025   898
564.118856   898
564.320688   898
564.522519   898
564.724351   898
564.926182   898
565.128013   898
565.329845   898
565.531676   898
565.733508   898
565.935339   898
566.137171   898
566.339002   898
566.540833   898
566.742665   898
566.944496   898
567.146328   898
567.348159   898
567.549991   898
567.751822   898
567.953654   898
568.155485   898
568.357316   898
568.559148   898
568.760979   898
568.962811   898
569.164642   898
569.366474   898
569.568305   898
569.770136   898
569.971968   898
570.173799   898
570.375631   898
570.577462   898
570.779294   898
570.981125   898
571.182956   898
571.384788   898
571.586619   898
571.788451   898
571.990282   898
572.192114   898
572.393945   898
572.595776   898
572.797608   898
572.999439   898
573.201271   898
573.403102   898
573.604934   898
573.806765   898
574.008597   898
574.210428   898
574.412259   898
574.614091   898
574.815922   898
575.017754   898
575.219585   898
575.421417   898
575.623248   898
575.825079   898
576.026911   898
576.228742   898
576.430574   898
576.632405   898
576.834237   898
577.036068   898
577.237899   898
577.439731   898
577.641562   898
577.843394   898
578.045225   898
578.247057   898
578.448888   898
578.650719   898
578.852551   898
579.054382   898
579.256214   898
579.458045   898
579.659877   898
579.861708   898
580.063540   898
580.265371   898
580.467202   898
580.669034   898
580.870865   898
581.072697   898
581.274528   898
581.476360   898
581.678191   898
581.880022   898
582.081854   898
582.283685   898
582.485517   898
582.687348   898
582.889180   898
583.091011   898
583.292842   898
583.494674   898
583.696505   898
583.898337   898
584.100168   898
584.302000   898
584.503831   898
584.705662   898
584.907494   898
585.109325   898
585.311157   898
585.512988   898
585.714820   898
585.916651   898
586.118483   898
586.320314   898
586.522145   898
586.723977   898
586.925808   898
587.127640   898
587.329471   898
587.531303   898
587.733134   898
587.934965   898
588.136797   898
588.338628   898
588.540460   898
588.742291   898
588.944123   898
589.145954   898
589.347785   898
589.549617   898
589.751448   898
589.953280   898
590.155111   898
590.356943   898
590.558774   898
590.760605   898
590.962437   898
591.164268   898
591.366100   898
591.567931   898
591.769763   898
591.971594   898
592.173426   898
592.375257   898
592.577088   898
592.778920   898
592.980751   898
593.182583   898
593.384414   898
593.586246   898
593.788077   898
593.989908   898
594.191740   898
594.393571   898
594.595403   898
594.797234   898
594.999066   898
595.200897   898
595.402728   898
595.604560   898
595.806391   898
596.008223   898
596.210054   898
596.411886   898
596.613717   898
596.815548   898
597.017380   898
597.219211   898
597.421043   898
597.622874   898
597.824706   898
598.026537   898
598.228369   898
598.430200   898
598.632031   898
598.833863   898
599.035694   898
599.237526   898
599.439357   898
599.641189   898
599.843020   898
600.044851   898
600.246683   898
600.448514   898
600.650346   898
600.852177   898
601.054009   898
601.255840   898
601.457671   898
601.659503   898
601.861334   898
602.063166   898
602.264997   898
602.466829   898
602.668660   898
602.870491   898
603.072323   898
603.274154   898
603.475986   898
603.677817   898
603.879649   898
604.081480   898
604.283312   898
604.485143   898
604.686974   898
604.888806   898
605.090637   898
605.292469   898
605.494300   898
605.696132   898
605.897963   898
606.099794   898
606.301626   898
606.503457   898
606.705289   898
606.907120   898
607.108952   898
607.310783   898
607.512614   898
607.714446   898
607.916277   898
608.118109   898
608.319940   898
608.521772   898
608.723603   898
608.925434   898
609.127266   898
609.329097   898
609.530929   898
609.732760   898
609.934592   898
610.136423   898
610.338255   898
610.540086   898
610.741917   898
610.943749   898
611.145580   898
611.347412   898
611.549243   898
611.751075   898
611.952906   898
612.154737   898
612.356569   898
612.558400   898
612.760232   898
612.962063   898
613.163895   898
613.365726   898
613.567557   898
613.769389   898
613.971220   898
614.173052   898
614.374883   898
614.576715   898
614.778546   898
614.980377   898
615.182209   898
615.384040   898
615.585872   898
615.787703   898
615.989535   898
616.191366   898
616.393198   898
616.595029   898
616.796860   898
616.998692   898
617.200523   898
617.402355   898
617.604186   898
617.806018   898
618.007849   898
618.209680   898
618.411512   898
618.613343   898
618.815175   898
619.017006   898
619.218838   898
619.420669   898
619.622500   898
619.824332   898
620.026163   898
620.227995   898
620.429826   898
620.631658   898
620.833489   898
621.035321   898
621.237152   898
621.438983   898
621.640815   898
621.842646   898
622.044478   898
622.246309   898
622.448141   898
622.649972   898
622.851803   898
623.053635   898
623.255466   898
623.457298   898
623.659129   898
623.860961   898
624.062792   898
624.264623   898
624.466455   898
624.668286   898
624.870118   898
625.071949   898
625.273781   898
625.475612   898
625.677443   898
625.879275   898
626.081106   898
626.282938   898
626.484769   898
626.686601   898
626.888432   898
627.090264   898
627.292095   898
627.493926   898
627.695758   898
627.897589   898
628.099421   898
628.301252   898
628.503084   898
628.704915   898
628.906746   898
629.108578   898
629.310409   898
629.512241   898
629.714072   898
629.915904   898
630.117735   898
630.319566   898
630.521398   898
630.723229   898
630.925061   898
631.126892   898
631.328724   898
631.530555   898
631.732386   898
631.934218   898
632.136049   898
632.337881   898
632.539712   898
632.741544   898
632.943375   898
633.145207   898
633.347038   898
633.548869   898
633.750701   898
633.952532   898
634.154364   898
634.356195   898
634.558027   898
634.759858   898
634.961689   898
635.163521   898
635.365352   898
635.567184   898
635.769015   898
635.970847   898
636.172678   898
636.374509   898
636.576341   898
636.778172   898
636.980004   898
637.181835   898
637.383667   898
637.585498   898
637.787329   898
637.989161   898
638.190992   898
638.392824   898
638.594655   898
638.796487   898
638.998318   898
639.200150   898
639.401981   898
639.603812   898
639.805644   898
640.007475   898
640.209307   898
640.411138   898
640.612970   898
640.814801   898
641.016632   898
641.218464   898
641.420295   898
641.622127   898
641.823958   898
642.025790   898
642.227621   898
642.429452   898
642.631284   898
642.833115   898
643.034947   898
643.236778   898
643.438610   898
643.640441   898
643.842272   898
644.044104   898
644.245935   898
644.447767   898
644.649598   898
644.851430   898
645.053261   898
645.255093   898
645.456924   898
645.658755   898
645.860587   898
646.062418   898
646.264250   898
646.466081   898
646.667913   898
646.869744   898
647.071575   898
647.273407   898
647.475238   898
647.677070   898
647.878901   898
648.080733   898
648.282564   898
648.484395   898
648.686227   898
648.888058   898
649.089890   898
649.291721   898
649.493553   898
649.695384   898
649.897215   898
650.099047   898
650.300878   898
650.502710   898
650.704541   898
650.906373   898
651.108204   898
651.310036   898
651.511867   898
651.713698   898
651.915530   898
652.117361   898
652.319193   898
652.521024   898
652.722856   898
652.924687   898
653.126518   898
653.328350   898
653.530181   898
653.732013   898
653.933844   898
654.135676   898
654.337507   898
654.539338   898
654.741170   898
654.943001   898
655.144833   898
655.346664   898
655.548496   898
655.750327   898
655.952158   898
656.153990   898
656.355821   898
656.557653   898
656.759484   898
656.961316   898
657.163147   898
657.364979   898
657.566810   898
657.768641   898
657.970473   898
658.172304   898
658.374136   898
658.575967   898
658.777799   898
658.979630   898
659.181461   898
659.383293   898
659.585124   898
659.786956   898
659.988787   898
660.190619   898
660.392450   898
660.594281   898
660.796113   898
660.997944   898
661.199776   898
661.401607   898
661.603439   898
661.805270   898
662.007101   898
662.208933   898
662.410764   898
662.612596   898
662.814427   898
663.016259   898
663.218090   898
663.419922   898
663.621753   898
663.823584   898
664.025416   898
664.227247   898
664.429079   898
664.630910   898
664.832742   898
665.034573   898
665.236404   898
665.438236   898
665.640067   898
665.841899   898
666.043730   898
666.245562   898
666.447393   898
666.649224   898
666.851056   898
667.052887   898
667.254719   898
667.456550   898
667.658382   898
667.860213   898
668.062044   898
668.263876   898
668.465707   898
668.667539   898
668.869370   898
669.071202   898
669.273033   898
669.474865   898
669.676696   898
669.878527   898
670.080359   898
670.282190   898
670.484022   898
670.685853   898
670.887685   898
671.089516   898
671.291347   898
671.493179   898
671.695010   898
671.896842   898
672.098673   898
672.300505   898
672.502336   898
672.704167   898
672.905999   898
673.107830   898
673.309662   898
673.511493   898
673.713325   898
673.915156   898
674.116987   898
674.318819   898
674.520650   898
674.722482   898
674.924313   898
675.126145   898
675.327976   898
675.529808   898
675.731639   898
675.933470   898
676.135302   898
676.337133   898
676.538965   898
676.740796   898
676.942628   898
677.144459   898
677.346290   898
677.548122   898
677.749953   898
677.951785   898
678.153616   898
678.355448   898
678.557279   898
678.759110   898
678.960942   898
679.162773   898
679.364605   898
679.566436   898
679.768268   898
679.970099   898
680.171930   898
680.373762   898
680.575593   898
680.777425   898
680.979256   898
681.181088   898
681.382919   898
681.584751   898
681.786582   898
681.988413   898
682.190245   898
682.392076   898
682.593908   898
682.795739   898
682.997571   898
683.199402   898
683.401233   898
683.603065   898
683.804896   898
684.006728   898
684.208559   898
684.410391   898
684.612222   898
684.814053   898
685.015885   898
685.217716   898
685.419548   898
685.621379   898
685.823211   898
686.025042   898
686.226873   898
686.428705   898
686.630536   898
686.832368   898
687.034199   898
687.236031   898
687.437862   898
687.639694   898
687.841525   898
688.043356   898
688.245188   898
688.447019   898
688.648851   898
688.850682   898
689.052514   898
689.254345   898
689.456176   898
689.658008   898
689.859839   898
690.061671   898
690.263502   898
690.465334   898
690.667165   898
690.868996   898
691.070828   898
691.272659   898
691.474491   898
691.676322   898
691.878154   898
692.079985   898
692.281816   898
692.483648   898
692.685479   898
692.887311   898
693.089142   898
693.290974   898
693.492805   898
693.694637   898
693.896468   898
694.098299   898
694.300131   898
694.501962   898
694.703794   898
694.905625   898
695.107457   898
695.309288   898
695.511119   898
695.712951   898
695.914782   898
696.116614   898
696.318445   898
696.520277   898
696.722108   898
696.923939   898
697.125771   898
697.327602   898
697.529434   898
697.731265   898
697.933097   898
698.134928   898
698.336759   898
698.538591   898
698.740422   898
698.942254   898
699.144085   898
699.345917   898
699.547748   898
699.749580   898
699.951411   898
700.153242   898
700.355074   898
700.556905   898
700.758737   898
700.960568   898
701.162400   898
701.364231   898
701.566062   898
701.767894   898
701.969725   898
702.171557   898
702.373388   898
702.575220   898
702.777051   898
702.978882   898
703.180714   898
703.382545   898
703.584377   898
703.786208   898
703.988040   898
704.189871   898
704.391702   898
704.593534   898
704.795365   898
704.997197   898
705.199028   898
705.400860   898
705.602691   898
705.804523   898
706.006354   898
706.208185   898
706.410017   898
706.611848   898
706.813680   898
707.015511   898
707.217343   898
707.419174   898
707.621005   898
707.822837   898
708.024668   898
708.226500   898
708.428331   898
708.630163   898
708.831994   898
709.033825   898
709.235657   898
709.437488   898
709.639320   898
709.841151   898
710.042983   898
710.244814   898
710.446645   898
710.648477   898
710.850308   898
711.052140   898
711.253971   898
711.455803   898
711.657634   898
711.859466   898
712.061297   898
712.263128   898
712.464960   898
712.666791   898
712.868623   898
713.070454   898
713.272286   898
713.474117   898
713.675948   898
713.877780   898
714.079611   898
714.281443   898
714.483274   898
714.685106   898
714.886937   898
715.088768   898
715.290600   898
715.492431   898
715.694263   898
715.896094   898
716.097926   898
716.299757   898
716.501588   898
716.703420   898
716.905251   898
717.107083   898
717.308914   898
717.510746   898
717.712577   898
717.914409   898
718.116240   898
718.318071   898
718.519903   898
718.721734   898
718.923566   898
719.125397   898
719.327229   898
719.529060   898
719.730891   898
719.932723   898
720.134554   898
720.336386   898
720.538217   898
720.740049   898
720.941880   898
721.143711   898
721.345543   898
721.547374   898
721.749206   898
721.951037   898
722.152869   898
722.354700   898
722.556531   898
722.758363   898
722.960194   898
723.162026   898
723.363857   898
723.565689   898
723.767520   898
723.969352   898
724.171183   898
724.373014   898
724.574846   898
724.776677   898
724.978509   898
725.180340   898
725.382172   898
725.584003   898
725.785834   898
725.987666   898
726.189497   898
726.391329   898
726.593160   898
726.794992   898
726.996823   898
727.198654   898
727.400486   898
727.602317   898
727.804149   898
728.005980   898
728.207812   898
728.409643   898
728.611474   898
728.813306   898
729.015137   898
729.216969   898
729.418800   898
729.620632   898
729.822463   898
730.024295   898
730.226126   898
730.427957   898
730.629789   898
730.831620   898
731.033452   898
731.235283   898
731.437115   898
731.638946   898
731.840777   898
732.042609   898
732.244440   898
732.446272   898
732.648103   898
732.849935   898
733.051766   898
733.253597   898
733.455429   898
733.657260   898
733.859092   898
734.060923   898
734.262755   898
734.464586   898
734.666417   898
734.868249   898
735.070080   898
735.271912   898
735.473743   898
735.675575   898
735.877406   898
736.079238   898
736.281069   898
736.482900   898
736.684732   898
736.886563   898
737.088395   898
737.290226   898
737.492058   898
737.693889   898
737.895720   898
738.097552   898
738.299383   898
738.501215   898
738.703046   898
738.904878   898
739.106709   898
739.308540   898
739.510372   898
739.712203   898
739.914035   898
740.115866   898
740.317698   898
740.519529   898
740.721360   898
740.923192   898
741.125023   898
741.326855   898
741.528686   898
741.730518   898
741.932349   898
742.134181   898
742.336012   898
742.537843   898
742.739675   898
742.941506   898
743.143338   898
743.345169   898
743.547001   898
743.748832   898
743.950663   898
744.152495   898
744.354326   898
744.556158   898
744.757989   898
744.959821   898
745.161652   898
745.363483   898
745.565315   898
745.767146   898
745.968978   898
746.170809   898
746.372641   898
746.574472   898
746.776303   898
746.978135   898
747.179966   898
747.381798   898
747.583629   898
747.785461   898
747.987292   898
748.189124   898
748.390955   898
748.592786   898
748.794618   898
748.996449   898
749.198281   898
749.400112   898
749.601944   898
749.803775   898
750.005606   898
750.207438   898
750.409269   898
750.611101   898
750.812932   898
751.014764   898
751.216595   898
751.418426   898
751.620258   898
751.822089   898
752.023921   898
752.225752   898
752.427584   898
752.629415   898
752.831246   898
753.033078   898
753.234909   898
753.436741   898
753.638572   898
753.840404   898
754.042235   898
754.244067   898
754.445898   898
754.647729   898
754.849561   898
755.051392   898
755.253224   898
755.455055   898
755.656887   898
755.858718   898
756.060549   898
756.262381   898
756.464212   898
756.666044   898
756.867875   898
757.069707   898
757.271538   898
757.473369   898
757.675201   898
757.877032   898
758.078864   898
758.280695   898
758.482527   898
758.684358   898
758.886189   898
759.088021   898
759.289852   898
759.491684   898
759.693515   898
759.895347   898
760.097178   898
760.299010   898
760.500841   898
760.702672   898
760.904504   898
761.106335   898
761.308167   898
761.509998   898
761.711830   898
761.913661   898
762.115492   898
762.317324   898
762.519155   898
762.720987   898
762.922818   898
763.124650   898
763.326481   898
763.528312   898
763.730144   898
763.931975   898
764.133807   898
764.335638   898
764.537470   898
764.739301   898
764.941132   898
765.142964   898
765.344795   898
765.546627   898
765.748458   898
765.950290   898
766.152121   898
766.353953   898
766.555784   898
766.757615   898
766.959447   898
767.161278   898
767.363110   898
767.564941   898
767.766773   898
767.968604   898
768.170435   898
768.372267   898
768.574098   898
768.775930   898
768.977761   898
769.179593   898
769.381424   898
769.583255   898
769.785087   898
769.986918   898
770.188750   898
770.390581   898
770.592413   898
770.794244   898
770.996075   898
771.197907   898
771.399738   898
771.601570   898
771.803401   898
772.005233   898
772.207064   898
772.408896   898
772.610727   898
772.812558   898
773.014390   898
773.216221   898
773.418053   898
773.619884   898
773.821716   898
774.023547   898
774.225378   898
774.427210   898
774.629041   898
774.830873   898
775.032704   898
775.234536   898
775.436367   898
775.638198   898
775.840030   898
776.041861   898
776.243693   898
776.445524   898
776.647356   898
776.849187   898
777.051019   898
777.252850   898
777.454681   898
777.656513   898
777.858344   898
778.060176   898
778.262007   898
778.463839   898
778.665670   898
778.867501   898
779.069333   898
779.271164   898
779.472996   898
779.674827   898
779.876659   898
780.078490   898
780.280321   898
780.482153   898
780.683984   898
780.885816   898
781.087647   898
781.289479   898
781.491310   898
781.693141   898
781.894973   898
782.096804   898
782.298636   898
782.500467   898
782.702299   898
782.904130   898
783.105962   898
783.307793   898
783.509624   898
783.711456   898
783.913287   898
784.115119   898
784.316950   898
784.518782   898
784.720613   898
784.922444   898
785.124276   898
785.326107   898
785.527939   898
785.729770   898
785.931602   898
786.133433   898
786.335264   898
786.537096   898
786.738927   898
786.940759   898
787.142590   898
787.344422   898
787.546253   898
787.748084   898
787.949916   898
788.151747   898
788.353579   898
788.555410   898
788.757242   898
788.959073   898
789.160905   898
789.362736   898
789.564567   898
789.766399   898
789.968230   898
790.170062   898
790.371893   898
790.573725   898
790.775556   898
790.977387   898
791.179219   898
791.381050   898
791.582882   898
791.784713   898
791.986545   898
792.188376   898
792.390207   898
792.592039   898
792.793870   898
792.995702   898
793.197533   898
793.399365   898
793.601196   898
793.803027   898
794.004859   898
794.206690   898
794.408522   898
794.610353   898
794.812185   898
795.014016   898
795.215848   898
795.417679   898
795.619510   898
795.821342   898
796.023173   898
796.225005   898
796.426836   898
796.628668   898
796.830499   898
797.032330   898
797.234162   898
797.435993   898
797.637825   898
797.839656   898
798.041488   898
798.243319   898
798.445150   898
798.646982   898
798.848813   898
799.050645   898
799.252476   898
799.454308   898
799.656139   898
799.857970   898
800.059802   898
800.261633   898
800.463465   898
800.665296   898
800.867128   898
801.068959   898
801.270791   898
801.472622   898
801.674453   898
801.876285   898
802.078116   898
802.279948   898
802.481779   898
802.683611   898
802.885442   898
803.087273   898
803.289105   898
803.490936   898
803.692768   898
803.894599   898
804.096431   898
804.298262   898
804.500093   898
804.701925   898
804.903756   898
805.105588   898
805.307419   898
805.509251   898
805.711082   898
805.912913   898
806.114745   898
806.316576   898
806.518408   898
806.720239   898
806.922071   898
807.123902   898
807.325734   898
807.527565   898
807.729396   898
807.931228   898
808.133059   898
808.334891   898
808.536722   898
808.738554   898
808.940385   898
809.142216   898
809.344048   898
809.545879   898
809.747711   898
809.949542   898
810.151374   898
810.353205   898
810.555036   898
810.756868   898
810.958699   898
811.160531   898
811.362362   898
811.564194   898
811.766025   898
811.967856   898
812.169688   898
812.371519   898
812.573351   898
812.775182   898
812.977014   898
813.178845   898
813.380677   898
813.582508   898
813.784339   898
813.986171   898
814.188002   898
814.389834   898
814.591665   898
814.793497   898
814.995328   898
815.197159   898
815.398991   898
815.600822   898
815.802654   898
816.004485   898
816.206317   898
816.408148   898
816.609979   898
816.811811   898
817.013642   898
817.215474   898
817.417305   898
817.619137   898
817.820968   898
818.022799   898
818.224631   898
818.426462   898
818.628294   898
818.830125   898
819.031957   898
819.233788   898
819.435620   898
819.637451   898
819.839282   898
820.041114   898
820.242945   898
820.444777   898
820.646608   898
820.848440   898
821.050271   898
821.252102   898
821.453934   898
821.655765   898
821.857597   898
822.059428   898
822.261260   898
822.463091   898
822.664922   898
822.866754   898
823.068585   898
823.270417   898
823.472248   898
823.674080   898
823.875911   898
824.077742   898
824.279574   898
824.481405   898
824.683237   898
824.885068   898
825.086900   898
825.288731   898
825.490563   898
825.692394   898
825.894225   898
826.096057   898
826.297888   898
826.499720   898
826.701551   898
826.903383   898
827.105214   898
827.307045   898
827.508877   898
827.710708   898
827.912540   898
828.114371   898
828.316203   898
828.518034   898
828.719865   898
828.921697   898
829.123528   898
829.325360   898
829.527191   898
829.729023   898
829.930854   898
830.132685   898
830.334517   898
830.536348   898
830.738180   898
830.940011   898
831.141843   898
831.343674   898
831.545506   898
831.747337   898
831.949168   898
832.151000   898
832.352831   898
832.554663   898
832.756494   898
832.958326   898
833.160157   898
833.361988   898
833.563820   898
833.765651   898
833.967483   898
834.169314   898
834.371146   898
834.572977   898
834.774808   898
834.976640   898
835.178471   898
835.380303   898
835.582134   898
835.783966   898
835.985797   898
836.187628   898
836.389460   898
836.591291   898
836.793123   898
836.994954   898
837.196786   898
837.398617   898
837.600449   898
837.802280   898
838.004111   898
838.205943   898
838.407774   898
838.609606   898
838.811437   898
839.013269   898
839.215100   898
839.416931   898
839.618763   898
839.820594   898
840.022426   898
840.224257   898
840.426089   898
840.627920   898
840.829751   898
841.031583   898
841.233414   898
841.435246   898
841.637077   898
841.838909   898
842.040740   898
842.242571   898
842.444403   898
842.646234   898
842.848066   898
843.049897   898
843.251729   898
843.453560   898
843.655392   898
843.857223   898
844.059054   898
844.260886   898
844.462717   898
844.664549   898
844.866380   898
845.068212   898
845.270043   898
845.471874   898
845.673706   898
845.875537   898
846.077369   898
846.279200   898
846.481032   898
846.682863   898
846.884694   898
847.086526   898
847.288357   898
847.490189   898
847.692020   898
847.893852   898
848.095683   898
848.297514   898
848.499346   898
848.701177   898
848.903009   898
849.104840   898
849.306672   898
849.508503   898
849.710335   898
849.912166   898
850.113997   898
850.315829   898
850.517660   898
850.719492   898
850.921323   898
851.123155   898
851.324986   898
851.526817   898
851.728649   898
851.930480   898
852.132312   898
852.334143   898
852.535975   898
852.737806   898
852.939637   898
853.141469   898
853.343300   898
853.545132   898
853.746963   898
853.948795   898
854.150626   898
854.352457   898
854.554289   898
854.756120   898
854.957952   898
855.159783   898
855.361615   898
855.563446   898
855.765278   898
855.967109   898
856.168940   898
856.370772   898
856.572603   898
856.774435   898
856.976266   898
857.178098   898
857.379929   898
857.581760   898
857.783592   898
857.985423   898
858.187255   898
858.389086   898
858.590918   898
858.792749   898
858.994580   898
859.196412   898
859.398243   898
859.600075   898
859.801906   898
860.003738   898
860.205569   898
860.407400   898
860.609232   898
860.811063   898
861.012895   898
861.214726   898
861.416558   898
861.618389   898
861.820221   898
862.022052   898
862.223883   898
862.425715   898
862.627546   898
862.829378   898
863.031209   898
863.233041   898
863.434872   898
863.636703   898
863.838535   898
864.040366   898
864.242198   898
864.444029   898
864.645861   898
864.847692   898
865.049523   898
865.251355   898
865.453186   898
865.655018   898
865.856849   898
866.058681   898
866.260512   898
866.462343   898
866.664175   898
866.866006   898
867.067838   898
867.269669   898
867.471501   898
867.673332   898
867.875164   898
868.076995   898
868.278826   898
868.480658   898
868.682489   898
868.884321   898
869.086152   898
869.287984   898
869.489815   898
869.691646   898
869.893478   898
870.095309   898
870.297141   898
870.498972   898
870.700804   898
870.902635   898
871.104466   898
871.306298   898
871.508129   898
871.709961   898
871.911792   898
872.113624   898
872.315455   898
872.517286   898
872.719118   898
872.920949   898
873.122781   898
873.324612   898
873.526444   898
873.728275   898
873.930107   898
874.131938   898
874.333769   898
874.535601   898
874.737432   898
874.939264   898
875.141095   898
875.342927   898
875.544758   898
875.746589   898
875.948421   898
876.150252   898
876.352084   898
876.553915   898
876.755747   898
876.957578   898
877.159409   898
877.361241   898
877.563072   898
877.764904   898
877.966735   898
878.168567   898
878.370398   898
878.572229   898
878.774061   898
878.975892   898
879.177724   898
879.379555   898
879.581387   898
879.783218   898
879.985050   898
880.186881   898
880.388712   898
880.590544   898
880.792375   898
880.994207   898
881.196038   898
881.397870   898
881.599701   898
881.801532   898
882.003364   898
882.205195   898
882.407027   898
882.608858   898
882.810690   898
883.012521   898
883.214352   898
883.416184   898
883.618015   898
883.819847   898
884.021678   898
884.223510   898
884.425341   898
884.627172   898
884.829004   898
885.030835   898
885.232667   898
885.434498   898
885.636330   898
885.838161   898
886.039993   898
886.241824   898
886.443655   898
886.645487   898
886.847318   898
887.049150   898
887.250981   898
887.452813   898
887.654644   898
887.856475   898
888.058307   898
888.260138   898
888.461970   898
888.663801   898
888.865633   898
889.067464   898
889.269295   898
889.471127   898
889.672958   898
889.874790   898
890.076621   898
890.278453   898
890.480284   898
890.682115   898
890.883947   898
891.085778   898
891.287610   898
891.489441   898
891.691273   898
891.893104   898
892.094936   898
892.296767   898
892.498598   898
892.700430   898
892.902261   898
893.104093   898
893.305924   898
893.507756   898
893.709587   898
893.911418   898
894.113250   898
894.315081   898
894.516913   898
894.718744   898
894.920576   898
895.122407   898
895.324238   898
895.526070   898
895.727901   898
895.929733   898
896.131564   898
896.333396   898
896.535227   898
896.737058   898
896.938890   898
897.140721   898
897.342553   898
897.544384   898
897.746216   898
897.948047   898
898.149879   898
898.351710   898
898.553541   898
898.755373   898
898.957204   898
899.159036   898
899.360867   898
899.562699   898
899.764530   898
899.966361   898
900.168193   898
900.370024   898
900.571856   898
900.773687   898
900.975519   898
901.177350   898
901.379181   898
901.581013   898
901.782844   898
901.984676   898
902.186507   898
902.388339   898
902.590170   898
902.792001   898
902.993833   898
903.195664   898
903.397496   898
903.599327   898
903.801159   898
904.002990   898
904.204822   898
904.406653   898
904.608484   898
904.810316   898
905.012147   898
905.213979   898
905.415810   898
905.617642   898
905.819473   898
906.021304   898
906.223136   898
906.424967   898
906.626799   898
906.828630   898
907.030462   898
907.232293   898
907.434124   898
907.635956   898
907.837787   898
908.039619   898
908.241450   898
908.443282   898
908.645113   898
908.846944   898
909.048776   898
909.250607   898
909.452439   898
909.654270   898
909.856102   898
910.057933   898
910.259765   898
910.461596   898
910.663427   898
910.865259   898
911.067090   898
911.268922   898
911.470753   898
911.672585   898
911.874416   898
912.076247   898
912.278079   898
912.479910   898
912.681742   898
912.883573   898
913.085405   898
913.287236   898
913.489067   898
913.690899   898
913.892730   898
914.094562   898
914.296393   898
914.498225   898
914.700056   898
914.901887   898
915.103719   898
915.305550   898
915.507382   898
915.709213   898
915.911045   898
916.112876   898
916.314708   898
916.516539   898
916.718370   898
916.920202   898
917.122033   898
917.323865   898
917.525696   898
917.727528   898
917.929359   898
918.131190   898
918.333022   898
918.534853   898
918.736685   898
918.938516   898
919.140348   898
919.342179   898
919.544010   898
919.745842   898
919.947673   898
920.149505   898
920.351336   898
920.553168   898
920.754999   898
920.956830   898
921.158662   898
921.360493   898
921.562325   898
921.764156   898
921.965988   898
922.167819   898
922.369651   898
922.571482   898
922.773313   898
922.975145   898
923.176976   898
923.378808   898
923.580639   898
923.782471   898
923.984302   898
924.186133   898
924.387965   898
924.589796   898
924.791628   898
924.993459   898
925.195291   898
925.397122   898
925.598953   898
925.800785   898
926.002616   898
926.204448   898
926.406279   898
926.608111   898
926.809942   898
927.011774   898
927.213605   898
927.415436   898
927.617268   898
927.819099   898
928.020931   898
928.222762   898
928.424594   898
928.626425   898
928.828256   898
929.030088   898
929.231919   898
929.433751   898
929.635582   898
929.837414   898
930.039245   898
930.241076   898
930.442908   898
930.644739   898
930.846571   898
931.048402   898
931.250234   898
931.452065   898
931.653896   898
931.855728   898
932.057559   898
932.259391   898
932.461222   898
932.663054   898
932.864885   898
933.066717   898
933.268548   898
933.470379   898
933.672211   898
933.874042   898
934.075874   898
934.277705   898
934.479537   898
934.681368   898
934.883199   898
935.085031   898
935.286862   898
935.488694   898
935.690525   898
935.892357   898
936.094188   898
936.296019   898
936.497851   898
936.699682   898
936.901514   898
937.103345   898
937.305177   898
937.507008   898
937.708839   898
937.910671   898
938.112502   898
938.314334   898
938.516165   898
938.717997   898
938.919828   898
939.121660   898
939.323491   898
939.525322   898
939.727154   898
939.928985   898
940.130817   898
940.332648   898
940.534480   898
940.736311   898
940.938142   898
941.139974   898
941.341805   898
941.543637   898
941.745468   898
941.947300   898
942.149131   898
942.350962   898
942.552794   898
942.754625   898
942.956457   898
943.158288   898
943.360120   898
943.561951   898
943.763782   898
943.965614   898
944.167445   898
944.369277   898
944.571108   898
944.772940   898
944.974771   898
945.176603   898
945.378434   898
945.580265   898
945.782097   898
945.983928   898
946.185760   898
946.387591   898
946.589423   898
946.791254   898
946.993085   898
947.194917   898
947.396748   898
947.598580   898
947.800411   898
948.002243   898
948.204074   898
948.405905   898
948.607737   898
948.809568   898
949.011400   898
949.213231   898
949.415063   898
949.616894   898
949.818725   898
950.020557   898
950.222388   898
950.424220   898
950.626051   898
950.827883   898
951.029714   898
951.231546   898
951.433377   898
951.635208   898
951.837040   898
952.038871   898
952.240703   898
952.442534   898
952.644366   898
952.846197   898
953.048028   898
953.249860   898
953.451691   898
953.653523   898
953.855354   898
954.057186   898
954.259017   898
954.460848   898
954.662680   898
954.864511   898
955.066343   898
955.268174   898
955.470006   898
955.671837   898
955.873668   898
956.075500   898
956.277331   898
956.479163   898
956.680994   898
956.882826   898
957.084657   898
957.286489   898
957.488320   898
957.690151   898
957.891983   898
958.093814   898
958.295646   898
958.497477   898
958.699309   898
958.901140   898
959.102971   898
959.304803   898
959.506634   898
959.708466   898
959.910297   898
960.112129   898
960.313960   898
960.515791   898
960.717623   898
960.919454   898
961.121286   898
961.323117   898
961.524949   898
961.726780   898
961.928611   898
962.130443   898
962.332274   898
962.534106   898
962.735937   898
962.937769   898
963.139600   898
963.341432   898
963.543263   898
963.745094   898
963.946926   898
964.148757   898
964.350589   898
964.552420   898
964.754252   898
964.956083   898
965.157914   898
965.359746   898
965.561577   898
965.763409   898
965.965240   898
966.167072   898
966.368903   898
966.570734   898
966.772566   898
966.974397   898
967.176229   898
967.378060   898
967.579892   898
967.781723   898
967.983554   898
968.185386   898
968.387217   898
968.589049   898
968.790880   898
968.992712   898
969.194543   898
969.396375   898
969.598206   898
969.800037   898
970.001869   898
970.203700   898
970.405532   898
970.607363   898
970.809195   898
971.011026   898
971.212857   898
971.414689   898
971.616520   898
971.818352   898
972.020183   898
972.222015   898
972.423846   898
972.625677   898
972.827509   898
973.029340   898
973.231172   898
973.433003   898
973.634835   898
973.836666   898
974.038497   898
974.240329   898
974.442160   898
974.643992   898
974.845823   898
975.047655   898
975.249486   898
975.451318   898
975.653149   898
975.854980   898
976.056812   898
976.258643   898
976.460475   898
976.662306   898
976.864138   898
977.065969   898
977.267800   898
977.469632   898
977.671463   898
977.873295   898
978.075126   898
978.276958   898
978.478789   898
978.680620   898
978.882452   898
979.084283   898
979.286115   898
979.487946   898
979.689778   898
979.891609   898
980.093440   898
980.295272   898
980.497103   898
980.698935   898
980.900766   898
981.102598   898
981.304429   898
981.506261   898
981.708092   898
981.909923   898
982.111755   898
982.313586   898
982.515418   898
982.717249   898
982.919081   898
983.120912   898
983.322743   898
983.524575   898
983.726406   898
983.928238   898
984.130069   898
984.331901   898
984.533732   898
984.735563   898
984.937395   898
985.139226   898
985.341058   898
985.542889   898
985.744721   898
985.946552   898
986.148383   898
986.350215   898
986.552046   898
986.753878   898
986.955709   898
987.157541   898
987.359372   898
987.561204   898
987.763035   898
987.964866   898
988.166698   898
988.368529   898
988.570361   898
988.772192   898
988.974024   898
989.175855   898
989.377686   898
989.579518   898
989.781349   898
989.983181   898
990.185012   898
990.386844   898
990.588675   898
990.790506   898
990.992338   898
991.194169   898
991.396001   898
991.597832   898
991.799664   898
992.001495   898
992.203326   898
992.405158   898
992.606989   898
992.808821   898
993.010652   898
993.212484   898
993.414315   898
993.616147   898
993.817978   898
994.019809   898
994.221641   898
994.423472   898
994.625304   898
994.827135   898
995.028967   898
995.230798   898
995.432629   898
995.634461   898
995.836292   898
996.038124   898
996.239955   898
996.441787   898
996.643618   898
996.845449   898
997.047281   898
997.249112   898
997.450944   898
997.652775   898
997.854607   898
998.056438   898
998.258269   898
998.460101   898
998.661932   898
998.863764   898
999.065595   898
999.267427   898
999.469258   898
999.671090   898
999.872921   898
1000.074752   898
1000.276584   898
1000.478415   898
1000.680247   898
1000.882078   898
1001.083910   898
1001.285741   898
1001.487572   898
1001.689404   898
1001.891235   898
1002.093067   898
1002.294898   898
1002.496730   898
1002.698561   898
1002.900392   898
1003.102224   898
1003.304055   898
1003.505887   898
1003.707718   898
1003.909550   898
1004.111381   898
1004.313212   898
1004.515044   898
1004.716875   898
1004.918707   898
1005.120538   898
1005.322370   898
1005.524201   898
1005.726033   898
1005.927864   898
1006.129695   898
1006.331527   898
1006.533358   898
1006.735190   898
1006.937021   898
1007.138853   898
1007.340684   898
1007.542515   898
1007.744347   898
1007.946178   898
1008.148010   898
1008.349841   898
1008.551673   898
1008.753504   898
1008.955335   898
1009.157167   898
1009.358998   898
1009.560830   898
1009.762661   898
1009.964493   898
1010.166324   898
1010.368155   898
1010.569987   898
1010.771818   898
1010.973650   898
1011.175481   898
1011.377313   898
1011.579144   898
1011.780976   898
1011.982807   898
1012.184638   898
1012.386470   898
1012.588301   898
1012.790133   898
1012.991964   898
1013.193796   898
1013.395627   898
1013.597458   898
1013.799290   898
1014.001121   898
1014.202953   898
1014.404784   898
1014.606616   898
1014.808447   898
1015.010278   898
1015.212110   898
1015.413941   898
1015.615773   898
1015.817604   898
1016.019436   898
1016.221267   898
1016.423098   898
1016.624930   898
1016.826761   898
1017.028593   898
1017.230424   898
1017.432256   898
1017.634087   898
1017.835919   898
1018.037750   898
1018.239581   898
1018.441413   898
1018.643244   898
1018.845076   898
1019.046907   898
1019.248739   898
1019.450570   898
1019.652401   898
1019.854233   898
1020.056064   898
1020.257896   898
1020.459727   898
1020.661559   898
1020.863390   898
1021.065221   898
1021.267053   898
1021.468884   898
1021.670716   898
1021.872547   898
1022.074379   898
1022.276210   898
1022.478041   898
1022.679873   898
1022.881704   898
1023.083536   898
1023.285367   898
1023.487199   898
1023.689030   898
1023.890862   898
1024.092693   898
1024.294524   898
1024.496356   898
1024.698187   898
1024.900019   898
1025.101850   898
1025.303682   898
1025.505513   898
1025.707344   898
1025.909176   898
1026.111007   898
1026.312839   898
1026.514670   898
1026.716502   898
1026.918333   898
1027.120164   898
1027.321996   898
1027.523827   898
1027.725659   898
1027.927490   898
1028.129322   898
1028.331153   898
1028.532984   898
1028.734816   898
1028.936647   898
1029.138479   898
1029.340310   898
1029.542142   898
1029.743973   898
1029.945805   898
1030.147636   898
1030.349467   898
1030.551299   898
1030.753130   898
1030.954962   898
1031.156793   898
1031.358625   898
1031.560456   898
1031.762287   898
1031.964119   898
1032.165950   898
1032.367782   898
1032.569613   898
1032.771445   898
1032.973276   898
1033.175107   898
1033.376939   898
1033.578770   898
1033.780602   898
1033.982433   898
1034.184265   898
1034.386096   898
1034.587927   898
1034.789759   898
1034.991590   898
1035.193422   898
1035.395253   898
1035.597085   898
1035.798916   898
1036.000748   898
1036.202579   898
1036.404410   898
1036.606242   898
1036.808073   898
1037.009905   898
1037.211736   898
1037.413568   898
1037.615399   898
1037.817230   898
1038.019062   898
1038.220893   898
1038.422725   898
1038.624556   898
1038.826388   898
1039.028219   898
1039.230050   898
1039.431882   898
1039.633713   898
1039.835545   898
1040.037376   898
1040.239208   898
1040.441039   898
1040.642870   898
1040.844702   898
1041.046533   898
1041.248365   898
1041.450196   898
1041.652028   898
1041.853859   898
1042.055691   898
1042.257522   898
1042.459353   898
1042.661185   898
1042.863016   898
1043.064848   898
1043.266679   898
1043.468511   898
1043.670342   898
1043.872173   898
1044.074005   898
1044.275836   898
1044.477668   898
1044.679499   898
1044.881331   898
1045.083162   898
1045.284993   898
1045.486825   898
1045.688656   898
1045.890488   898
1046.092319   898
1046.294151   898
1046.495982   898
1046.697813   898
1046.899645   898
1047.101476   898
1047.303308   898
1047.505139   898
1047.706971   898
1047.908802   898
1048.110634   898
1048.312465   898
1048.514296   898
1048.716128   898
1048.917959   898
1049.119791   898
1049.321622   898
1049.523454   898
1049.725285   898
1049.927116   898
1050.128948   898
1050.330779   898
1050.532611   898
1050.734442   898
1050.936274   898
1051.138105   898
1051.339936   898
1051.541768   898
1051.743599   898
1051.945431   898
1052.147262   898
1052.349094   898
1052.550925   898
1052.752756   898
1052.954588   898
1053.156419   898
1053.358251   898
1053.560082   898
1053.761914   898
1053.963745   898
1054.165577   898
1054.367408   898
1054.569239   898
1054.771071   898
1054.972902   898
1055.174734   898
1055.376565   898
1055.578397   898
1055.780228   898
1055.982059   898
1056.183891   898
1056.385722   898
1056.587554   898
1056.789385   898
1056.991217   898
1057.193048   898
1057.394879   898
1057.596711   898
1057.798542   898
1058.000374   898
1058.202205   898
1058.404037   898
1058.605868   898
1058.807699   898
1059.009531   898
1059.211362   898
1059.413194   898
1059.615025   898
1059.816857   898
1060.018688   898
1060.220520   898
1060.422351   898
1060.624182   898
1060.826014   898
1061.027845   898
1061.229677   898
1061.431508   898
1061.633340   898
1061.835171   898
1062.037002   898
1062.238834   898
1062.440665   898
1062.642497   898
1062.844328   898
1063.046160   898
1063.247991   898
1063.449822   898
1063.651654   898
1063.853485   898
1064.055317   898
1064.257148   898
1064.458980   898
1064.660811   898
1064.862642   898
1065.064474   898
1065.266305   898
1065.468137   898
1065.669968   898
1065.871800   898
1066.073631   898
1066.275463   898
1066.477294   898
1066.679125   898
1066.880957   898
1067.082788   898
1067.284620   898
1067.486451   898
1067.688283   898
1067.890114   898
1068.091945   898
1068.293777   898
1068.495608   898
1068.697440   898
1068.899271   898
1069.101103   898
1069.302934   898
1069.504765   898
1069.706597   898
1069.908428   898
1070.110260   898
1070.312091   898
1070.513923   898
1070.715754   898
1070.917585   898
1071.119417   898
1071.321248   898
1071.523080   898
1071.724911   898
1071.926743   898
1072.128574   898
1072.330406   898
1072.532237   898
1072.734068   898
1072.935900   898
1073.137731   898
1073.339563   898
1073.541394   898
1073.743226   898
1073.945057   898
1074.146888   898
1074.348720   898
1074.550551   898
1074.752383   898
1074.954214   898
1075.156046   898
1075.357877   898
1075.559708   898
1075.761540   898
1075.963371   898
1076.165203   898
1076.367034   898
1076.568866   898
1076.770697   898
1076.972528   898
1077.174360   898
1077.376191   898
1077.578023   898
1077.779854   898
1077.981686   898
1078.183517   898
1078.385349   898
1078.587180   898
1078.789011   898
1078.990843   898
1079.192674   898
1079.394506   898
1079.596337   898
1079.798169   898
1080.000000   898
