#design   MC_size   block_size   #MC time (ms)
fig3   8192   32   4.268800
fig3   8192   96   3.140992
fig3   8192   128   3.176704
fig3   8192   160   3.146048
fig3   8192   224   3.147584
fig3   8192   480   3.516096
fig3   8192   512   3.462240
fig3   8192   576   4.892608
fig3   8192   640   3.188896
fig3   8192   736   3.257280
fig3   8192   800   3.253472
fig3   8192   928   3.576768
fig3   8192   1024   3.688320
fig3   16384   32   6.454752
fig3   16384   96   5.443104
fig3   16384   128   5.313088
fig3   16384   160   5.718880
fig3   16384   224   5.449344
fig3   16384   480   6.092928
fig3   16384   512   5.736160
fig3   16384   576   7.333248
fig3   16384   640   5.854784
fig3   16384   736   5.939264
fig3   16384   800   6.057664
fig3   16384   928   6.210016
fig3   16384   1024   6.582016
fig3   32768   32   12.548864
fig3   32768   96   9.508064
fig3   32768   128   9.487808
fig3   32768   160   9.646944
fig3   32768   224   9.841440
fig3   32768   480   10.405440
fig3   32768   512   10.138080
fig3   32768   576   13.567360
fig3   32768   640   12.519776
fig3   32768   736   11.921984
fig3   32768   800   12.326016
fig3   32768   928   10.675296
fig3   32768   1024   10.741472
fig3   65536   32   28.485792
fig3   65536   96   21.097153
fig3   65536   128   20.353920
fig3   65536   160   21.865952
fig3   65536   224   21.849567
fig3   65536   480   22.702335
fig3   65536   512   21.234016
fig3   65536   576   29.597984
fig3   65536   640   29.521441
fig3   65536   736   26.918144
fig3   65536   800   25.712000
fig3   65536   928   23.689056
fig3   65536   1024   22.233728
fig3   131072   32   76.176163
fig3   131072   96   54.588322
fig3   131072   128   53.440704
fig3   131072   160   55.435905
fig3   131072   224   57.729694
fig3   131072   480   57.942081
fig3   131072   512   55.650082
fig3   131072   576   78.031555
fig3   131072   640   75.754562
fig3   131072   736   69.559166
fig3   131072   800   65.026466
fig3   131072   928   59.875839
fig3   131072   1024   58.658943
poly4   8192   32   4.317792
poly4   8192   96   3.213024
poly4   8192   128   3.154336
poly4   8192   160   3.166400
poly4   8192   224   3.154816
poly4   8192   480   3.512864
poly4   8192   512   3.539200
poly4   8192   576   4.907584
poly4   8192   640   3.213024
poly4   8192   736   3.333632
poly4   8192   800   3.319712
poly4   8192   928   3.608544
poly4   8192   1024   3.783392
poly4   16384   32   6.567424
poly4   16384   96   5.475168
poly4   16384   128   5.455584
poly4   16384   160   5.779232
poly4   16384   224   5.545376
poly4   16384   480   6.158784
poly4   16384   512   5.824544
poly4   16384   576   7.462848
poly4   16384   640   5.850144
poly4   16384   736   6.027616
poly4   16384   800   6.207840
poly4   16384   928   6.215136
poly4   16384   1024   6.677632
poly4   32768   32   12.570400
poly4   32768   96   9.652896
poly4   32768   128   9.618144
poly4   32768   160   9.817216
poly4   32768   224   9.901280
poly4   32768   480   10.456128
poly4   32768   512   10.362176
poly4   32768   576   13.658016
poly4   32768   640   12.568672
poly4   32768   736   12.090688
poly4   32768   800   12.413408
poly4   32768   928   10.685440
poly4   32768   1024   11.008352
poly4   65536   32   28.852032
poly4   65536   96   21.243135
poly4   65536   128   20.378176
poly4   65536   160   21.836927
poly4   65536   224   22.227392
poly4   65536   480   22.796000
poly4   65536   512   21.348961
poly4   65536   576   30.127808
poly4   65536   640   29.565121
poly4   65536   736   26.891264
poly4   65536   800   25.825377
poly4   65536   928   23.940289
poly4   65536   1024   22.531649
poly4   131072   32   76.525345
poly4   131072   96   54.783489
poly4   131072   128   53.695839
poly4   131072   160   56.053825
poly4   131072   224   58.206718
poly4   131072   480   58.506977
poly4   131072   512   55.906368
poly4   131072   576   77.784195
poly4   131072   640   76.027107
poly4   131072   736   70.425087
poly4   131072   800   65.114914
poly4   131072   928   61.079807
poly4   131072   1024   58.693375
poly6   8192   32   4.498080
poly6   8192   96   3.205952
poly6   8192   128   3.193568
poly6   8192   160   3.168448
poly6   8192   224   3.190208
poly6   8192   480   3.526752
poly6   8192   512   3.600768
poly6   8192   576   4.987648
poly6   8192   640   3.245344
poly6   8192   736   3.349024
poly6   8192   800   3.336672
poly6   8192   928   3.636480
poly6   8192   1024   3.791968
poly6   16384   32   6.656608
poly6   16384   96   5.574976
poly6   16384   128   5.365760
poly6   16384   160   5.648896
poly6   16384   224   5.575808
poly6   16384   480   5.934560
poly6   16384   512   5.914592
poly6   16384   576   7.547424
poly6   16384   640   5.975840
poly6   16384   736   6.075200
poly6   16384   800   6.198944
poly6   16384   928   6.340288
poly6   16384   1024   6.758848
poly6   32768   32   12.811072
poly6   32768   96   9.610848
poly6   32768   128   9.699072
poly6   32768   160   10.049792
poly6   32768   224   9.740672
poly6   32768   480   10.513056
poly6   32768   512   10.387616
poly6   32768   576   13.774528
poly6   32768   640   12.545664
poly6   32768   736   12.173728
poly6   32768   800   12.582112
poly6   32768   928   10.801824
poly6   32768   1024   11.055392
poly6   65536   32   29.099297
poly6   65536   96   21.438816
poly6   65536   128   20.742975
poly6   65536   160   21.952768
poly6   65536   224   22.351265
poly6   65536   480   23.426208
poly6   65536   512   21.588673
poly6   65536   576   30.072479
poly6   65536   640   29.926208
poly6   65536   736   27.116705
poly6   65536   800   26.055649
poly6   65536   928   23.985409
poly6   65536   1024   22.610241
poly6   131072   32   76.723907
poly6   131072   96   55.035007
poly6   131072   128   53.833664
poly6   131072   160   56.160896
poly6   131072   224   58.449154
poly6   131072   480   57.961761
poly6   131072   512   56.113953
poly6   131072   576   78.884514
poly6   131072   640   76.517471
poly6   131072   736   69.151070
poly6   131072   800   65.354652
poly6   131072   928   61.584415
poly6   131072   1024   59.191135
poly8   8192   32   4.421888
poly8   8192   96   3.252864
poly8   8192   128   3.251232
poly8   8192   160   3.238656
poly8   8192   224   3.235136
poly8   8192   480   3.583584
poly8   8192   512   3.692608
poly8   8192   576   5.044992
poly8   8192   640   3.250560
poly8   8192   736   3.373152
poly8   8192   800   3.369664
poly8   8192   928   3.638464
poly8   8192   1024   3.853216
poly8   16384   32   6.768352
poly8   16384   96   5.729728
poly8   16384   128   5.524768
poly8   16384   160   5.771296
poly8   16384   224   5.682656
poly8   16384   480   6.285184
poly8   16384   512   6.006464
poly8   16384   576   7.556736
poly8   16384   640   6.023424
poly8   16384   736   6.153184
poly8   16384   800   6.282432
poly8   16384   928   6.363040
poly8   16384   1024   6.818464
poly8   32768   32   12.906400
poly8   32768   96   9.774848
poly8   32768   128   9.598720
poly8   32768   160   10.049504
poly8   32768   224   9.854752
poly8   32768   480   10.693312
poly8   32768   512   10.750976
poly8   32768   576   13.887168
poly8   32768   640   12.844192
poly8   32768   736   12.385984
poly8   32768   800   12.829024
poly8   32768   928   10.816800
poly8   32768   1024   11.074912
poly8   65536   32   29.592417
poly8   65536   96   21.587584
poly8   65536   128   20.776608
poly8   65536   160   22.042048
poly8   65536   224   22.386944
poly8   65536   480   23.503584
poly8   65536   512   21.571585
poly8   65536   576   30.650433
poly8   65536   640   30.107136
poly8   65536   736   27.323616
poly8   65536   800   26.252993
poly8   65536   928   24.237921
poly8   65536   1024   22.690241
poly8   131072   32   77.295906
poly8   131072   96   55.826015
poly8   131072   128   54.204990
poly8   131072   160   56.427071
poly8   131072   224   58.767296
poly8   131072   480   58.233215
poly8   131072   512   56.467583
poly8   131072   576   79.618179
poly8   131072   640   77.304001
poly8   131072   736   71.119965
poly8   131072   800   65.231102
poly8   131072   928   60.935806
poly8   131072   1024   58.753376
