0.206162   1356
0.412324   927
0.618485   927
0.824647   927
1.030809   927
1.236971   927
1.443133   927
1.649295   927
1.855456   927
2.061618   927
2.267780   927
2.473942   927
2.680104   927
2.886265   927
3.092427   927
3.298589   927
3.504751   927
3.710913   927
3.917075   790
4.123236   790
4.329398   790
4.535560   775
4.741722   775
4.947884   766
5.154045   766
5.360207   766
5.566369   766
5.772531   762
5.978693   762
6.184855   762
6.391016   762
6.597178   762
6.803340   762
7.009502   759
7.215664   757
7.421826   757
7.627987   755
7.834149   755
8.040311   755
8.246473   745
8.452635   745
8.658796   716
8.864958   716
9.071120   715
9.277282   715
9.483444   715
9.689606   715
9.895767   715
10.101929   715
10.308091   715
10.514253   715
10.720415   702
10.926576   702
11.132738   702
11.338900   702
11.545062   702
11.751224   702
11.957386   702
12.163547   702
12.369709   702
12.575871   702
12.782033   702
12.988195   702
13.194356   702
13.400518   702
13.606680   702
13.812842   699
14.019004   699
14.225166   699
14.431327   699
14.637489   699
14.843651   699
15.049813   699
15.255975   699
15.462136   699
15.668298   699
15.874460   699
16.080622   699
16.286784   699
16.492946   698
16.699107   698
16.905269   698
17.111431   691
17.317593   691
17.523755   691
17.729916   691
17.936078   691
18.142240   691
18.348402   691
18.554564   691
18.760726   691
18.966887   691
19.173049   691
19.379211   677
19.585373   677
19.791535   677
19.997697   677
20.203858   677
20.410020   677
20.616182   677
20.822344   677
21.028506   677
21.234667   677
21.440829   677
21.646991   677
21.853153   677
22.059315   677
22.265477   677
22.471638   677
22.677800   677
22.883962   677
23.090124   667
23.296286   667
23.502447   667
23.708609   667
23.914771   667
24.120933   667
24.327095   667
24.533257   667
24.739418   667
24.945580   667
25.151742   667
25.357904   667
25.564066   667
25.770227   667
25.976389   666
26.182551   666
26.388713   666
26.594875   666
26.801037   666
27.007198   666
27.213360   666
27.419522   666
27.625684   666
27.831846   666
28.038007   666
28.244169   666
28.450331   666
28.656493   664
28.862655   664
29.068817   664
29.274978   664
29.481140   664
29.687302   664
29.893464   662
30.099626   662
30.305788   662
30.511949   662
30.718111   662
30.924273   662
31.130435   662
31.336597   662
31.542758   659
31.748920   659
31.955082   659
32.161244   659
32.367406   658
32.573568   658
32.779729   658
32.985891   658
33.192053   658
33.398215   658
33.604377   658
33.810538   646
34.016700   645
34.222862   645
34.429024   645
34.635186   645
34.841348   645
35.047509   645
35.253671   645
35.459833   645
35.665995   645
35.872157   645
36.078318   645
36.284480   645
36.490642   645
36.696804   645
36.902966   645
37.109128   645
37.315289   645
37.521451   645
37.727613   645
37.933775   645
38.139937   645
38.346098   645
38.552260   645
38.758422   645
38.964584   645
39.170746   645
39.376908   645
39.583069   638
39.789231   638
39.995393   638
40.201555   638
40.407717   638
40.613878   638
40.820040   638
41.026202   638
41.232364   638
41.438526   638
41.644688   638
41.850849   638
42.057011   638
42.263173   638
42.469335   638
42.675497   638
42.881659   638
43.087820   638
43.293982   638
43.500144   638
43.706306   638
43.912468   638
44.118629   638
44.324791   638
44.530953   637
44.737115   637
44.943277   637
45.149439   637
45.355600   635
45.561762   635
45.767924   635
45.974086   635
46.180248   635
46.386409   635
46.592571   635
46.798733   635
47.004895   635
47.211057   635
47.417219   635
47.623380   635
47.829542   635
48.035704   635
48.241866   635
48.448028   635
48.654189   635
48.860351   635
49.066513   635
49.272675   635
49.478837   635
49.684999   635
49.891160   635
50.097322   635
50.303484   635
50.509646   635
50.715808   635
50.921969   635
51.128131   635
51.334293   635
51.540455   635
51.746617   635
51.952779   635
52.158940   635
52.365102   635
52.571264   635
52.777426   635
52.983588   635
53.189749   635
53.395911   635
53.602073   635
53.808235   635
54.014397   635
54.220559   635
54.426720   635
54.632882   635
54.839044   635
55.045206   635
55.251368   635
55.457530   635
55.663691   634
55.869853   634
56.076015   634
56.282177   634
56.488339   634
56.694500   634
56.900662   634
57.106824   634
57.312986   634
57.519148   634
57.725310   634
57.931471   634
58.137633   634
58.343795   634
58.549957   634
58.756119   634
58.962280   634
59.168442   634
59.374604   634
59.580766   634
59.786928   634
59.993090   634
60.199251   634
60.405413   634
60.611575   634
60.817737   634
61.023899   633
61.230060   633
61.436222   633
61.642384   633
61.848546   633
62.054708   631
62.260870   631
62.467031   631
62.673193   631
62.879355   631
63.085517   631
63.291679   631
63.497840   631
63.704002   631
63.910164   630
64.116326   630
64.322488   630
64.528650   630
64.734811   630
64.940973   630
65.147135   630
65.353297   630
65.559459   630
65.765621   630
65.971782   630
66.177944   630
66.384106   630
66.590268   630
66.796430   630
67.002591   630
67.208753   630
67.414915   630
67.621077   630
67.827239   630
68.033401   630
68.239562   630
68.445724   630
68.651886   630
68.858048   630
69.064210   630
69.270371   630
69.476533   630
69.682695   630
69.888857   630
70.095019   630
70.301181   630
70.507342   630
70.713504   630
70.919666   630
71.125828   630
71.331990   630
71.538151   630
71.744313   630
71.950475   630
72.156637   630
72.362799   630
72.568961   630
72.775122   630
72.981284   630
73.187446   630
73.393608   630
73.599770   630
73.805931   630
74.012093   630
74.218255   630
74.424417   630
74.630579   630
74.836741   630
75.042902   630
75.249064   630
75.455226   630
75.661388   630
75.867550   630
76.073711   630
76.279873   630
76.486035   630
76.692197   630
76.898359   630
77.104521   630
77.310682   630
77.516844   630
77.723006   630
77.929168   630
78.135330   630
78.341492   630
78.547653   630
78.753815   630
78.959977   630
79.166139   630
79.372301   630
79.578462   630
79.784624   630
79.990786   630
80.196948   630
80.403110   630
80.609272   630
80.815433   630
81.021595   630
81.227757   630
81.433919   630
81.640081   630
81.846242   630
82.052404   630
82.258566   630
82.464728   630
82.670890   629
82.877052   629
83.083213   629
83.289375   629
83.495537   629
83.701699   629
83.907861   629
84.114022   629
84.320184   629
84.526346   629
84.732508   629
84.938670   629
85.144832   629
85.350993   629
85.557155   629
85.763317   629
85.969479   629
86.175641   629
86.381802   629
86.587964   629
86.794126   629
87.000288   629
87.206450   629
87.412612   629
87.618773   629
87.824935   629
88.031097   629
88.237259   629
88.443421   629
88.649582   629
88.855744   629
89.061906   629
89.268068   629
89.474230   629
89.680392   629
89.886553   629
90.092715   629
90.298877   629
90.505039   629
90.711201   629
90.917363   629
91.123524   629
91.329686   629
91.535848   629
91.742010   629
91.948172   629
92.154333   629
92.360495   629
92.566657   629
92.772819   629
92.978981   629
93.185143   629
93.391304   629
93.597466   629
93.803628   629
94.009790   629
94.215952   629
94.422113   629
94.628275   629
94.834437   629
95.040599   629
95.246761   629
95.452923   629
95.659084   629
95.865246   629
96.071408   629
96.277570   629
96.483732   629
96.689893   629
96.896055   629
97.102217   629
97.308379   629
97.514541   629
97.720703   629
97.926864   629
98.133026   629
98.339188   629
98.545350   629
98.751512   629
98.957673   629
99.163835   629
99.369997   629
99.576159   629
99.782321   629
99.988483   629
100.194644   629
100.400806   629
100.606968   629
100.813130   629
101.019292   629
101.225453   629
101.431615   629
101.637777   629
101.843939   629
102.050101   629
102.256263   629
102.462424   629
102.668586   629
102.874748   629
103.080910   629
103.287072   629
103.493234   629
103.699395   629
103.905557   629
104.111719   629
104.317881   629
104.524043   629
104.730204   629
104.936366   629
105.142528   629
105.348690   629
105.554852   629
105.761014   629
105.967175   629
106.173337   629
106.379499   629
106.585661   629
106.791823   629
106.997984   629
107.204146   629
107.410308   629
107.616470   629
107.822632   629
108.028794   629
108.234955   629
108.441117   629
108.647279   629
108.853441   629
109.059603   629
109.265764   629
109.471926   629
109.678088   629
109.884250   629
110.090412   629
110.296574   629
110.502735   629
110.708897   629
110.915059   629
111.121221   629
111.327383   629
111.533544   629
111.739706   629
111.945868   629
112.152030   629
112.358192   629
112.564354   629
112.770515   629
112.976677   629
113.182839   629
113.389001   629
113.595163   629
113.801325   629
114.007486   629
114.213648   629
114.419810   629
114.625972   629
114.832134   629
115.038295   629
115.244457   629
115.450619   629
115.656781   629
115.862943   629
116.069105   629
116.275266   629
116.481428   629
116.687590   629
116.893752   629
117.099914   629
117.306075   629
117.512237   629
117.718399   629
117.924561   629
118.130723   629
118.336885   629
118.543046   629
118.749208   629
118.955370   629
119.161532   629
119.367694   629
119.573855   629
119.780017   629
119.986179   629
120.192341   629
120.398503   629
120.604665   629
120.810826   629
121.016988   629
121.223150   629
121.429312   629
121.635474   629
121.841635   629
122.047797   629
122.253959   629
122.460121   629
122.666283   629
122.872445   629
123.078606   629
123.284768   629
123.490930   629
123.697092   629
123.903254   629
124.109415   629
124.315577   629
124.521739   629
124.727901   629
124.934063   629
125.140225   629
125.346386   629
125.552548   629
125.758710   629
125.964872   629
126.171034   629
126.377196   629
126.583357   629
126.789519   629
126.995681   629
127.201843   629
127.408005   629
127.614166   629
127.820328   629
128.026490   629
128.232652   629
128.438814   629
128.644976   629
128.851137   629
129.057299   629
129.263461   629
129.469623   629
129.675785   629
129.881946   629
130.088108   629
130.294270   629
130.500432   629
130.706594   629
130.912756   629
131.118917   629
131.325079   629
131.531241   629
131.737403   629
131.943565   629
132.149726   629
132.355888   629
132.562050   629
132.768212   629
132.974374   629
133.180536   629
133.386697   629
133.592859   629
133.799021   629
134.005183   629
134.211345   629
134.417506   629
134.623668   629
134.829830   629
135.035992   629
135.242154   629
135.448316   629
135.654477   629
135.860639   629
136.066801   629
136.272963   629
136.479125   629
136.685286   629
136.891448   629
137.097610   629
137.303772   629
137.509934   629
137.716096   629
137.922257   629
138.128419   629
138.334581   629
138.540743   629
138.746905   629
138.953067   629
139.159228   629
139.365390   629
139.571552   629
139.777714   629
139.983876   629
140.190037   629
140.396199   629
140.602361   629
140.808523   629
141.014685   629
141.220847   629
141.427008   629
141.633170   629
141.839332   629
142.045494   629
142.251656   629
142.457817   629
142.663979   629
142.870141   629
143.076303   629
143.282465   629
143.488627   629
143.694788   629
143.900950   629
144.107112   629
144.313274   629
144.519436   629
144.725597   629
144.931759   629
145.137921   629
145.344083   629
145.550245   629
145.756407   629
145.962568   629
146.168730   629
146.374892   629
146.581054   629
146.787216   629
146.993377   629
147.199539   629
147.405701   629
147.611863   629
147.818025   629
148.024187   629
148.230348   629
148.436510   629
148.642672   629
148.848834   629
149.054996   629
149.261158   629
149.467319   629
149.673481   629
149.879643   629
150.085805   629
150.291967   629
150.498128   629
150.704290   629
150.910452   629
151.116614   629
151.322776   629
151.528938   629
151.735099   629
151.941261   629
152.147423   629
152.353585   629
152.559747   629
152.765908   629
152.972070   629
153.178232   629
153.384394   629
153.590556   629
153.796718   629
154.002879   629
154.209041   629
154.415203   629
154.621365   629
154.827527   629
155.033688   629
155.239850   629
155.446012   629
155.652174   629
155.858336   629
156.064498   629
156.270659   629
156.476821   629
156.682983   629
156.889145   629
157.095307   629
157.301468   629
157.507630   629
157.713792   629
157.919954   629
158.126116   629
158.332278   629
158.538439   629
158.744601   629
158.950763   629
159.156925   629
159.363087   629
159.569248   629
159.775410   629
159.981572   629
160.187734   629
160.393896   629
160.600058   629
160.806219   629
161.012381   629
161.218543   629
161.424705   629
161.630867   629
161.837029   629
162.043190   629
162.249352   629
162.455514   629
162.661676   629
162.867838   629
163.073999   629
163.280161   629
163.486323   629
163.692485   629
163.898647   629
164.104809   629
164.310970   629
164.517132   629
164.723294   629
164.929456   629
165.135618   629
165.341779   629
165.547941   629
165.754103   629
165.960265   629
166.166427   629
166.372589   629
166.578750   629
166.784912   629
166.991074   629
167.197236   629
167.403398   629
167.609559   629
167.815721   629
168.021883   629
168.228045   629
168.434207   629
168.640369   629
168.846530   629
169.052692   629
169.258854   629
169.465016   629
169.671178   629
169.877339   629
170.083501   629
170.289663   629
170.495825   629
170.701987   629
170.908149   629
171.114310   629
171.320472   629
171.526634   629
171.732796   629
171.938958   629
172.145119   629
172.351281   629
172.557443   624
172.763605   624
172.969767   624
173.175929   624
173.382090   624
173.588252   624
173.794414   624
174.000576   624
174.206738   624
174.412900   624
174.619061   624
174.825223   624
175.031385   624
175.237547   624
175.443709   624
175.649870   624
175.856032   624
176.062194   624
176.268356   624
176.474518   624
176.680680   624
176.886841   624
177.093003   624
177.299165   624
177.505327   624
177.711489   624
177.917650   624
178.123812   624
178.329974   624
178.536136   624
178.742298   623
178.948460   623
179.154621   623
179.360783   623
179.566945   623
179.773107   623
179.979269   623
180.185430   623
180.391592   623
180.597754   623
180.803916   623
181.010078   623
181.216240   623
181.422401   623
181.628563   623
181.834725   623
182.040887   623
182.247049   623
182.453210   623
182.659372   623
182.865534   623
183.071696   623
183.277858   623
183.484020   623
183.690181   623
183.896343   623
184.102505   623
184.308667   623
184.514829   623
184.720990   623
184.927152   623
185.133314   623
185.339476   623
185.545638   623
185.751800   623
185.957961   623
186.164123   623
186.370285   623
186.576447   623
186.782609   623
186.988771   623
187.194932   623
187.401094   623
187.607256   623
187.813418   623
188.019580   621
188.225741   621
188.431903   621
188.638065   621
188.844227   621
189.050389   621
189.256551   621
189.462712   621
189.668874   621
189.875036   621
190.081198   621
190.287360   621
190.493521   621
190.699683   621
190.905845   621
191.112007   621
191.318169   621
191.524331   621
191.730492   621
191.936654   621
192.142816   621
192.348978   621
192.555140   621
192.761301   621
192.967463   621
193.173625   621
193.379787   621
193.585949   621
193.792111   621
193.998272   621
194.204434   621
194.410596   621
194.616758   621
194.822920   621
195.029081   621
195.235243   621
195.441405   621
195.647567   621
195.853729   621
196.059891   621
196.266052   621
196.472214   621
196.678376   621
196.884538   621
197.090700   621
197.296862   621
197.503023   621
197.709185   621
197.915347   621
198.121509   621
198.327671   621
198.533832   621
198.739994   621
198.946156   621
199.152318   621
199.358480   621
199.564642   621
199.770803   621
199.976965   621
200.183127   621
200.389289   621
200.595451   621
200.801612   621
201.007774   621
201.213936   621
201.420098   621
201.626260   621
201.832422   621
202.038583   621
202.244745   621
202.450907   621
202.657069   621
202.863231   621
203.069392   621
203.275554   621
203.481716   621
203.687878   621
203.894040   621
204.100202   621
204.306363   621
204.512525   621
204.718687   621
204.924849   621
205.131011   621
205.337172   621
205.543334   621
205.749496   621
205.955658   621
206.161820   621
206.367982   621
206.574143   621
206.780305   621
206.986467   621
207.192629   621
207.398791   621
207.604952   621
207.811114   621
208.017276   620
208.223438   620
208.429600   620
208.635762   620
208.841923   620
209.048085   620
209.254247   620
209.460409   620
209.666571   620
209.872733   620
210.078894   620
210.285056   620
210.491218   620
210.697380   620
210.903542   620
211.109703   620
211.315865   620
211.522027   620
211.728189   620
211.934351   620
212.140513   620
212.346674   620
212.552836   620
212.758998   620
212.965160   620
213.171322   620
213.377483   620
213.583645   620
213.789807   620
213.995969   620
214.202131   620
214.408293   620
214.614454   620
214.820616   620
215.026778   620
215.232940   620
215.439102   620
215.645263   620
215.851425   620
216.057587   620
216.263749   620
216.469911   620
216.676073   620
216.882234   620
217.088396   620
217.294558   620
217.500720   620
217.706882   620
217.913043   620
218.119205   620
218.325367   620
218.531529   620
218.737691   620
218.943853   620
219.150014   620
219.356176   620
219.562338   620
219.768500   620
219.974662   620
220.180823   620
220.386985   620
220.593147   620
220.799309   620
221.005471   620
221.211633   620
221.417794   620
221.623956   620
221.830118   620
222.036280   620
222.242442   620
222.448604   620
222.654765   620
222.860927   620
223.067089   620
223.273251   620
223.479413   620
223.685574   620
223.891736   620
224.097898   620
224.304060   620
224.510222   620
224.716384   620
224.922545   620
225.128707   620
225.334869   620
225.541031   620
225.747193   620
225.953354   620
226.159516   620
226.365678   620
226.571840   620
226.778002   620
226.984164   620
227.190325   620
227.396487   620
227.602649   620
227.808811   620
228.014973   620
228.221134   620
228.427296   620
228.633458   620
228.839620   620
229.045782   620
229.251944   620
229.458105   620
229.664267   620
229.870429   620
230.076591   620
230.282753   620
230.488914   620
230.695076   620
230.901238   620
231.107400   620
231.313562   620
231.519724   620
231.725885   620
231.932047   620
232.138209   620
232.344371   620
232.550533   620
232.756695   620
232.962856   620
233.169018   620
233.375180   620
233.581342   620
233.787504   620
233.993665   620
234.199827   620
234.405989   620
234.612151   620
234.818313   620
235.024475   620
235.230636   620
235.436798   620
235.642960   620
235.849122   620
236.055284   620
236.261445   620
236.467607   620
236.673769   620
236.879931   620
237.086093   620
237.292255   620
237.498416   620
237.704578   620
237.910740   620
238.116902   620
238.323064   620
238.529225   620
238.735387   620
238.941549   620
239.147711   620
239.353873   620
239.560035   620
239.766196   620
239.972358   620
240.178520   620
240.384682   620
240.590844   620
240.797005   620
241.003167   620
241.209329   620
241.415491   620
241.621653   620
241.827815   620
242.033976   620
242.240138   620
242.446300   620
242.652462   620
242.858624   620
243.064785   620
243.270947   620
243.477109   620
243.683271   620
243.889433   620
244.095595   620
244.301756   620
244.507918   620
244.714080   620
244.920242   620
245.126404   620
245.332566   620
245.538727   620
245.744889   620
245.951051   620
246.157213   620
246.363375   620
246.569536   620
246.775698   620
246.981860   620
247.188022   620
247.394184   620
247.600346   620
247.806507   620
248.012669   620
248.218831   620
248.424993   620
248.631155   620
248.837316   620
249.043478   620
249.249640   620
249.455802   620
249.661964   620
249.868126   620
250.074287   620
250.280449   620
250.486611   620
250.692773   620
250.898935   619
251.105096   619
251.311258   619
251.517420   619
251.723582   619
251.929744   619
252.135906   619
252.342067   619
252.548229   619
252.754391   619
252.960553   619
253.166715   619
253.372876   619
253.579038   619
253.785200   619
253.991362   619
254.197524   619
254.403686   619
254.609847   619
254.816009   619
255.022171   619
255.228333   619
255.434495   619
255.640656   619
255.846818   619
256.052980   619
256.259142   619
256.465304   619
256.671466   619
256.877627   619
257.083789   619
257.289951   619
257.496113   619
257.702275   619
257.908437   619
258.114598   619
258.320760   619
258.526922   619
258.733084   619
258.939246   619
259.145407   619
259.351569   619
259.557731   619
259.763893   619
259.970055   619
260.176217   619
260.382378   619
260.588540   619
260.794702   619
261.000864   619
261.207026   619
261.413187   619
261.619349   619
261.825511   619
262.031673   619
262.237835   619
262.443997   619
262.650158   619
262.856320   619
263.062482   619
263.268644   619
263.474806   619
263.680967   619
263.887129   619
264.093291   619
264.299453   619
264.505615   616
264.711777   616
264.917938   616
265.124100   616
265.330262   616
265.536424   616
265.742586   616
265.948747   616
266.154909   616
266.361071   616
266.567233   616
266.773395   616
266.979557   616
267.185718   616
267.391880   616
267.598042   616
267.804204   616
268.010366   616
268.216527   612
268.422689   612
268.628851   612
268.835013   612
269.041175   612
269.247337   612
269.453498   612
269.659660   612
269.865822   612
270.071984   612
270.278146   612
270.484308   612
270.690469   612
270.896631   612
271.102793   612
271.308955   612
271.515117   612
271.721278   612
271.927440   612
272.133602   612
272.339764   612
272.545926   612
272.752088   612
272.958249   612
273.164411   612
273.370573   612
273.576735   612
273.782897   612
273.989058   612
274.195220   612
274.401382   612
274.607544   612
274.813706   612
275.019868   612
275.226029   612
275.432191   612
275.638353   612
275.844515   612
276.050677   612
276.256838   612
276.463000   612
276.669162   612
276.875324   612
277.081486   612
277.287648   611
277.493809   611
277.699971   611
277.906133   611
278.112295   611
278.318457   611
278.524618   611
278.730780   611
278.936942   611
279.143104   611
279.349266   611
279.555428   611
279.761589   611
279.967751   611
280.173913   611
280.380075   611
280.586237   611
280.792399   611
280.998560   611
281.204722   611
281.410884   611
281.617046   611
281.823208   611
282.029369   611
282.235531   611
282.441693   611
282.647855   611
282.854017   611
283.060179   611
283.266340   611
283.472502   611
283.678664   611
283.884826   611
284.090988   611
284.297149   611
284.503311   611
284.709473   611
284.915635   611
285.121797   611
285.327959   611
285.534120   611
285.740282   611
285.946444   611
286.152606   611
286.358768   611
286.564929   611
286.771091   611
286.977253   611
287.183415   611
287.389577   611
287.595739   611
287.801900   611
288.008062   611
288.214224   611
288.420386   611
288.626548   611
288.832709   611
289.038871   611
289.245033   611
289.451195   611
289.657357   611
289.863519   611
290.069680   611
290.275842   611
290.482004   611
290.688166   611
290.894328   611
291.100489   611
291.306651   611
291.512813   611
291.718975   611
291.925137   611
292.131299   611
292.337460   611
292.543622   611
292.749784   611
292.955946   611
293.162108   611
293.368270   611
293.574431   611
293.780593   611
293.986755   611
294.192917   611
294.399079   611
294.605240   611
294.811402   610
295.017564   610
295.223726   610
295.429888   610
295.636050   610
295.842211   610
296.048373   610
296.254535   610
296.460697   610
296.666859   610
296.873020   610
297.079182   610
297.285344   610
297.491506   610
297.697668   610
297.903830   610
298.109991   610
298.316153   610
298.522315   610
298.728477   610
298.934639   610
299.140800   610
299.346962   610
299.553124   610
299.759286   610
299.965448   610
300.171610   610
300.377771   610
300.583933   610
300.790095   610
300.996257   610
301.202419   610
301.408580   610
301.614742   610
301.820904   610
302.027066   610
302.233228   610
302.439390   610
302.645551   610
302.851713   610
303.057875   610
303.264037   610
303.470199   610
303.676360   610
303.882522   610
304.088684   610
304.294846   610
304.501008   610
304.707170   610
304.913331   610
305.119493   610
305.325655   610
305.531817   610
305.737979   610
305.944141   610
306.150302   610
306.356464   609
306.562626   609
306.768788   609
306.974950   608
307.181111   608
307.387273   608
307.593435   608
307.799597   608
308.005759   608
308.211921   608
308.418082   608
308.624244   608
308.830406   608
309.036568   608
309.242730   608
309.448891   608
309.655053   608
309.861215   608
310.067377   608
310.273539   608
310.479701   607
310.685862   607
310.892024   607
311.098186   607
311.304348   607
311.510510   607
311.716671   607
311.922833   607
312.128995   607
312.335157   607
312.541319   607
312.747481   607
312.953642   607
313.159804   607
313.365966   607
313.572128   607
313.778290   607
313.984451   607
314.190613   607
314.396775   607
314.602937   607
314.809099   607
315.015261   607
315.221422   607
315.427584   607
315.633746   607
315.839908   607
316.046070   607
316.252232   607
316.458393   607
316.664555   607
316.870717   607
317.076879   607
317.283041   607
317.489202   607
317.695364   607
317.901526   607
318.107688   607
318.313850   607
318.520012   607
318.726173   607
318.932335   607
319.138497   607
319.344659   607
319.550821   607
319.756982   607
319.963144   607
320.169306   607
320.375468   607
320.581630   607
320.787792   607
320.993953   607
321.200115   607
321.406277   607
321.612439   607
321.818601   607
322.024762   607
322.230924   607
322.437086   607
322.643248   607
322.849410   607
323.055572   607
323.261733   607
323.467895   607
323.674057   607
323.880219   607
324.086381   607
324.292542   607
324.498704   607
324.704866   607
324.911028   607
325.117190   607
325.323352   607
325.529513   607
325.735675   607
325.941837   607
326.147999   607
326.354161   607
326.560322   607
326.766484   607
326.972646   607
327.178808   607
327.384970   607
327.591132   607
327.797293   607
328.003455   607
328.209617   607
328.415779   607
328.621941   607
328.828103   607
329.034264   607
329.240426   607
329.446588   607
329.652750   607
329.858912   607
330.065073   607
330.271235   607
330.477397   607
330.683559   607
330.889721   607
331.095883   607
331.302044   607
331.508206   607
331.714368   607
331.920530   607
332.126692   607
332.332853   607
332.539015   607
332.745177   607
332.951339   607
333.157501   607
333.363663   607
333.569824   607
333.775986   607
333.982148   607
334.188310   607
334.394472   607
334.600633   607
334.806795   607
335.012957   607
335.219119   607
335.425281   607
335.631443   607
335.837604   607
336.043766   607
336.249928   607
336.456090   607
336.662252   607
336.868413   607
337.074575   607
337.280737   607
337.486899   607
337.693061   607
337.899223   607
338.105384   607
338.311546   607
338.517708   607
338.723870   607
338.930032   607
339.136193   607
339.342355   607
339.548517   607
339.754679   607
339.960841   607
340.167003   607
340.373164   607
340.579326   607
340.785488   607
340.991650   607
341.197812   607
341.403974   607
341.610135   607
341.816297   607
342.022459   607
342.228621   607
342.434783   607
342.640944   607
342.847106   607
343.053268   607
343.259430   607
343.465592   607
343.671754   607
343.877915   607
344.084077   607
344.290239   607
344.496401   607
344.702563   607
344.908724   607
345.114886   607
345.321048   607
345.527210   607
345.733372   607
345.939534   607
346.145695   607
346.351857   607
346.558019   607
346.764181   607
346.970343   607
347.176504   607
347.382666   607
347.588828   607
347.794990   607
348.001152   607
348.207314   607
348.413475   607
348.619637   607
348.825799   607
349.031961   607
349.238123   607
349.444284   607
349.650446   607
349.856608   607
350.062770   607
350.268932   607
350.475094   607
350.681255   607
350.887417   607
351.093579   607
351.299741   607
351.505903   607
351.712064   607
351.918226   607
352.124388   607
352.330550   607
352.536712   607
352.742874   607
352.949035   607
353.155197   607
353.361359   607
353.567521   607
353.773683   607
353.979845   607
354.186006   607
354.392168   607
354.598330   607
354.804492   607
355.010654   607
355.216815   607
355.422977   607
355.629139   607
355.835301   607
356.041463   607
356.247625   607
356.453786   607
356.659948   607
356.866110   607
357.072272   607
357.278434   607
357.484595   607
357.690757   607
357.896919   607
358.103081   607
358.309243   607
358.515405   607
358.721566   607
358.927728   607
359.133890   607
359.340052   607
359.546214   607
359.752375   607
359.958537   607
360.164699   607
360.370861   607
360.577023   607
360.783185   607
360.989346   607
361.195508   607
361.401670   607
361.607832   607
361.813994   607
362.020155   607
362.226317   607
362.432479   607
362.638641   607
362.844803   607
363.050965   607
363.257126   607
363.463288   607
363.669450   607
363.875612   607
364.081774   607
364.287936   607
364.494097   607
364.700259   607
364.906421   607
365.112583   607
365.318745   607
365.524906   607
365.731068   607
365.937230   607
366.143392   607
366.349554   607
366.555716   607
366.761877   607
366.968039   607
367.174201   607
367.380363   607
367.586525   607
367.792686   607
367.998848   607
368.205010   607
368.411172   607
368.617334   607
368.823496   607
369.029657   607
369.235819   607
369.441981   607
369.648143   607
369.854305   607
370.060466   607
370.266628   607
370.472790   607
370.678952   607
370.885114   607
371.091276   607
371.297437   607
371.503599   607
371.709761   607
371.915923   607
372.122085   607
372.328246   607
372.534408   607
372.740570   607
372.946732   607
373.152894   607
373.359056   607
373.565217   607
373.771379   607
373.977541   607
374.183703   607
374.389865   607
374.596026   607
374.802188   607
375.008350   607
375.214512   607
375.420674   607
375.626836   607
375.832997   607
376.039159   607
376.245321   607
376.451483   607
376.657645   607
376.863807   607
377.069968   607
377.276130   607
377.482292   607
377.688454   607
377.894616   607
378.100777   607
378.306939   607
378.513101   607
378.719263   607
378.925425   607
379.131587   607
379.337748   607
379.543910   607
379.750072   607
379.956234   607
380.162396   607
380.368557   607
380.574719   607
380.780881   607
380.987043   607
381.193205   607
381.399367   607
381.605528   607
381.811690   607
382.017852   607
382.224014   607
382.430176   607
382.636337   607
382.842499   607
383.048661   607
383.254823   607
383.460985   607
383.667147   607
383.873308   607
384.079470   607
384.285632   607
384.491794   607
384.697956   607
384.904117   607
385.110279   607
385.316441   607
385.522603   607
385.728765   607
385.934927   607
386.141088   607
386.347250   607
386.553412   607
386.759574   607
386.965736   607
387.171897   607
387.378059   607
387.584221   607
387.790383   607
387.996545   607
388.202707   607
388.408868   607
388.615030   607
388.821192   607
389.027354   607
389.233516   607
389.439678   607
389.645839   607
389.852001   607
390.058163   607
390.264325   607
390.470487   607
390.676648   607
390.882810   607
391.088972   607
391.295134   607
391.501296   607
391.707458   607
391.913619   607
392.119781   607
392.325943   607
392.532105   607
392.738267   607
392.944428   607
393.150590   607
393.356752   607
393.562914   607
393.769076   607
393.975238   607
394.181399   607
394.387561   607
394.593723   607
394.799885   607
395.006047   607
395.212208   607
395.418370   607
395.624532   607
395.830694   607
396.036856   607
396.243018   607
396.449179   607
396.655341   607
396.861503   607
397.067665   607
397.273827   607
397.479988   607
397.686150   607
397.892312   607
398.098474   607
398.304636   607
398.510798   607
398.716959   607
398.923121   607
399.129283   607
399.335445   607
399.541607   607
399.747768   607
399.953930   607
400.160092   607
400.366254   607
400.572416   607
400.778578   607
400.984739   607
401.190901   607
401.397063   607
401.603225   607
401.809387   607
402.015549   607
402.221710   607
402.427872   607
402.634034   607
402.840196   607
403.046358   607
403.252519   607
403.458681   607
403.664843   607
403.871005   607
404.077167   607
404.283329   607
404.489490   607
404.695652   607
404.901814   607
405.107976   607
405.314138   607
405.520299   607
405.726461   607
405.932623   607
406.138785   607
406.344947   607
406.551109   607
406.757270   607
406.963432   607
407.169594   607
407.375756   607
407.581918   607
407.788079   607
407.994241   607
408.200403   607
408.406565   607
408.612727   607
408.818889   607
409.025050   607
409.231212   607
409.437374   607
409.643536   607
409.849698   607
410.055859   607
410.262021   607
410.468183   607
410.674345   607
410.880507   607
411.086669   607
411.292830   607
411.498992   607
411.705154   607
411.911316   607
412.117478   607
412.323640   607
412.529801   607
412.735963   607
412.942125   607
413.148287   607
413.354449   607
413.560610   607
413.766772   607
413.972934   607
414.179096   607
414.385258   607
414.591420   607
414.797581   607
415.003743   607
415.209905   607
415.416067   607
415.622229   607
415.828390   607
416.034552   607
416.240714   607
416.446876   607
416.653038   607
416.859200   607
417.065361   607
417.271523   607
417.477685   607
417.683847   607
417.890009   607
418.096170   607
418.302332   607
418.508494   607
418.714656   607
418.920818   607
419.126980   607
419.333141   607
419.539303   607
419.745465   607
419.951627   607
420.157789   607
420.363950   607
420.570112   607
420.776274   607
420.982436   607
421.188598   607
421.394760   607
421.600921   607
421.807083   607
422.013245   607
422.219407   607
422.425569   607
422.631730   607
422.837892   607
423.044054   607
423.250216   607
423.456378   607
423.662540   607
423.868701   607
424.074863   607
424.281025   607
424.487187   607
424.693349   607
424.899511   607
425.105672   607
425.311834   607
425.517996   607
425.724158   607
425.930320   607
426.136481   607
426.342643   607
426.548805   607
426.754967   607
426.961129   607
427.167291   607
427.373452   607
427.579614   607
427.785776   607
427.991938   607
428.198100   607
428.404261   607
428.610423   607
428.816585   607
429.022747   607
429.228909   607
429.435071   607
429.641232   607
429.847394   607
430.053556   607
430.259718   607
430.465880   607
430.672041   607
430.878203   607
431.084365   607
431.290527   607
431.496689   607
431.702851   607
431.909012   607
432.115174   607
432.321336   607
432.527498   607
432.733660   607
432.939821   607
433.145983   607
433.352145   607
433.558307   607
433.764469   607
433.970631   607
434.176792   607
434.382954   607
434.589116   607
434.795278   607
435.001440   607
435.207601   607
435.413763   607
435.619925   607
435.826087   607
436.032249   607
436.238411   607
436.444572   607
436.650734   607
436.856896   607
437.063058   607
437.269220   607
437.475382   607
437.681543   607
437.887705   607
438.093867   607
438.300029   607
438.506191   607
438.712352   607
438.918514   607
439.124676   607
439.330838   607
439.537000   607
439.743162   607
439.949323   607
440.155485   607
440.361647   607
440.567809   607
440.773971   607
440.980132   607
441.186294   607
441.392456   607
441.598618   607
441.804780   607
442.010942   607
442.217103   607
442.423265   607
442.629427   607
442.835589   607
443.041751   607
443.247912   607
443.454074   607
443.660236   607
443.866398   607
444.072560   607
444.278722   607
444.484883   607
444.691045   607
444.897207   607
445.103369   607
445.309531   607
445.515692   607
445.721854   607
445.928016   607
446.134178   607
446.340340   607
446.546502   607
446.752663   607
446.958825   607
447.164987   607
447.371149   607
447.577311   607
447.783473   607
447.989634   607
448.195796   607
448.401958   607
448.608120   607
448.814282   607
449.020443   607
449.226605   607
449.432767   607
449.638929   607
449.845091   607
450.051253   607
450.257414   607
450.463576   607
450.669738   607
450.875900   607
451.082062   607
451.288223   607
451.494385   607
451.700547   607
451.906709   607
452.112871   607
452.319033   607
452.525194   607
452.731356   607
452.937518   607
453.143680   607
453.349842   607
453.556003   607
453.762165   607
453.968327   607
454.174489   607
454.380651   607
454.586813   607
454.792974   607
454.999136   607
455.205298   607
455.411460   607
455.617622   607
455.823783   607
456.029945   607
456.236107   607
456.442269   607
456.648431   607
456.854593   607
457.060754   607
457.266916   607
457.473078   607
457.679240   607
457.885402   607
458.091563   607
458.297725   607
458.503887   607
458.710049   607
458.916211   607
459.122373   607
459.328534   607
459.534696   607
459.740858   607
459.947020   607
460.153182   607
460.359344   607
460.565505   607
460.771667   607
460.977829   607
461.183991   607
461.390153   607
461.596314   607
461.802476   607
462.008638   607
462.214800   607
462.420962   607
462.627124   607
462.833285   607
463.039447   607
463.245609   607
463.451771   607
463.657933   607
463.864094   607
464.070256   607
464.276418   607
464.482580   607
464.688742   607
464.894904   607
465.101065   607
465.307227   607
465.513389   607
465.719551   607
465.925713   607
466.131874   607
466.338036   607
466.544198   607
466.750360   607
466.956522   607
467.162684   607
467.368845   607
467.575007   607
467.781169   607
467.987331   607
468.193493   607
468.399654   607
468.605816   607
468.811978   607
469.018140   607
469.224302   607
469.430464   607
469.636625   607
469.842787   607
470.048949   607
470.255111   607
470.461273   607
470.667434   607
470.873596   607
471.079758   607
471.285920   607
471.492082   607
471.698244   607
471.904405   607
472.110567   607
472.316729   607
472.522891   607
472.729053   607
472.935215   607
473.141376   607
473.347538   607
473.553700   607
473.759862   607
473.966024   607
474.172185   607
474.378347   607
474.584509   607
474.790671   607
474.996833   607
475.202995   607
475.409156   607
475.615318   607
475.821480   607
476.027642   607
476.233804   607
476.439965   607
476.646127   607
476.852289   607
477.058451   607
477.264613   607
477.470775   607
477.676936   607
477.883098   607
478.089260   607
478.295422   607
478.501584   607
478.707745   607
478.913907   607
479.120069   607
479.326231   607
479.532393   607
479.738555   607
479.944716   607
480.150878   607
480.357040   607
480.563202   607
480.769364   607
480.975525   607
481.181687   607
481.387849   607
481.594011   607
481.800173   607
482.006335   607
482.212496   607
482.418658   607
482.624820   607
482.830982   607
483.037144   607
483.243305   607
483.449467   607
483.655629   607
483.861791   607
484.067953   607
484.274115   607
484.480276   607
484.686438   607
484.892600   607
485.098762   607
485.304924   607
485.511086   607
485.717247   607
485.923409   607
486.129571   607
486.335733   607
486.541895   607
486.748056   607
486.954218   607
487.160380   607
487.366542   607
487.572704   607
487.778866   607
487.985027   607
488.191189   607
488.397351   607
488.603513   607
488.809675   607
489.015836   607
489.221998   607
489.428160   607
489.634322   607
489.840484   607
490.046646   607
490.252807   607
490.458969   607
490.665131   607
490.871293   607
491.077455   607
491.283616   607
491.489778   607
491.695940   607
491.902102   607
492.108264   607
492.314426   607
492.520587   607
492.726749   607
492.932911   607
493.139073   607
493.345235   607
493.551396   607
493.757558   607
493.963720   607
494.169882   607
494.376044   607
494.582206   607
494.788367   607
494.994529   607
495.200691   607
495.406853   607
495.613015   607
495.819177   607
496.025338   607
496.231500   607
496.437662   607
496.643824   607
496.849986   607
497.056147   607
497.262309   607
497.468471   607
497.674633   607
497.880795   607
498.086957   607
498.293118   607
498.499280   607
498.705442   607
498.911604   607
499.117766   607
499.323927   607
499.530089   607
499.736251   607
499.942413   607
500.148575   607
500.354737   607
500.560898   607
500.767060   607
500.973222   607
501.179384   607
501.385546   607
501.591707   607
501.797869   607
502.004031   607
502.210193   607
502.416355   607
502.622517   607
502.828678   607
503.034840   607
503.241002   607
503.447164   607
503.653326   607
503.859487   607
504.065649   607
504.271811   607
504.477973   607
504.684135   607
504.890297   607
505.096458   607
505.302620   607
505.508782   607
505.714944   607
505.921106   607
506.127267   607
506.333429   607
506.539591   607
506.745753   607
506.951915   607
507.158077   607
507.364238   607
507.570400   607
507.776562   607
507.982724   607
508.188886   607
508.395048   607
508.601209   607
508.807371   607
509.013533   607
509.219695   607
509.425857   607
509.632018   607
509.838180   607
510.044342   607
510.250504   607
510.456666   607
510.662828   607
510.868989   607
511.075151   607
511.281313   607
511.487475   607
511.693637   607
511.899798   607
512.105960   607
512.312122   607
512.518284   607
512.724446   607
512.930608   607
513.136769   607
513.342931   607
513.549093   607
513.755255   607
513.961417   607
514.167578   607
514.373740   607
514.579902   607
514.786064   607
514.992226   607
515.198388   607
515.404549   607
515.610711   607
515.816873   607
516.023035   607
516.229197   607
516.435358   607
516.641520   607
516.847682   607
517.053844   607
517.260006   607
517.466168   607
517.672329   607
517.878491   607
518.084653   607
518.290815   607
518.496977   607
518.703138   607
518.909300   607
519.115462   607
519.321624   607
519.527786   607
519.733948   607
519.940109   607
520.146271   607
520.352433   607
520.558595   607
520.764757   607
520.970919   607
521.177080   607
521.383242   607
521.589404   607
521.795566   607
522.001728   607
522.207889   607
522.414051   607
522.620213   607
522.826375   607
523.032537   607
523.238699   607
523.444860   607
523.651022   607
523.857184   607
524.063346   607
524.269508   607
524.475669   607
524.681831   607
524.887993   607
525.094155   607
525.300317   607
525.506479   607
525.712640   607
525.918802   607
526.124964   607
526.331126   607
526.537288   607
526.743449   607
526.949611   607
527.155773   607
527.361935   607
527.568097   607
527.774259   607
527.980420   607
528.186582   607
528.392744   607
528.598906   607
528.805068   607
529.011229   607
529.217391   607
529.423553   607
529.629715   607
529.835877   607
530.042039   607
530.248200   607
530.454362   607
530.660524   607
530.866686   607
531.072848   607
531.279010   607
531.485171   607
531.691333   607
531.897495   607
532.103657   607
532.309819   607
532.515980   607
532.722142   607
532.928304   607
533.134466   607
533.340628   607
533.546790   607
533.752951   607
533.959113   607
534.165275   607
534.371437   607
534.577599   607
534.783760   607
534.989922   607
535.196084   607
535.402246   607
535.608408   607
535.814570   607
536.020731   607
536.226893   607
536.433055   607
536.639217   607
536.845379   607
537.051540   607
537.257702   607
537.463864   607
537.670026   607
537.876188   607
538.082350   607
538.288511   607
538.494673   607
538.700835   607
538.906997   607
539.113159   607
539.319320   607
539.525482   607
539.731644   607
539.937806   607
540.143968   607
540.350130   607
540.556291   607
540.762453   607
540.968615   607
541.174777   607
541.380939   607
541.587100   607
541.793262   607
541.999424   607
542.205586   607
542.411748   607
542.617910   607
542.824071   607
543.030233   607
543.236395   607
543.442557   607
543.648719   607
543.854881   607
544.061042   607
544.267204   607
544.473366   607
544.679528   607
544.885690   607
545.091851   607
545.298013   607
545.504175   607
545.710337   607
545.916499   607
546.122661   607
546.328822   607
546.534984   607
546.741146   607
546.947308   607
547.153470   607
547.359631   607
547.565793   607
547.771955   607
547.978117   607
548.184279   607
548.390441   607
548.596602   607
548.802764   607
549.008926   607
549.215088   607
549.421250   607
549.627411   607
549.833573   607
550.039735   607
550.245897   607
550.452059   607
550.658221   607
550.864382   607
551.070544   607
551.276706   607
551.482868   607
551.689030   607
551.895191   607
552.101353   607
552.307515   607
552.513677   607
552.719839   607
552.926001   607
553.132162   607
553.338324   607
553.544486   607
553.750648   607
553.956810   607
554.162971   607
554.369133   607
554.575295   607
554.781457   607
554.987619   607
555.193781   607
555.399942   607
555.606104   607
555.812266   607
556.018428   607
556.224590   607
556.430752   607
556.636913   607
556.843075   607
557.049237   607
557.255399   607
557.461561   607
557.667722   607
557.873884   607
558.080046   607
558.286208   607
558.492370   607
558.698532   607
558.904693   607
559.110855   607
559.317017   607
559.523179   607
559.729341   607
559.935502   607
560.141664   607
560.347826   607
560.553988   607
560.760150   607
560.966312   607
561.172473   607
561.378635   607
561.584797   607
561.790959   607
561.997121   607
562.203282   607
562.409444   607
562.615606   607
562.821768   607
563.027930   607
563.234092   607
563.440253   607
563.646415   607
563.852577   607
564.058739   607
564.264901   607
564.471062   607
564.677224   607
564.883386   607
565.089548   607
565.295710   607
565.501872   607
565.708033   607
565.914195   607
566.120357   607
566.326519   607
566.532681   607
566.738842   607
566.945004   607
567.151166   607
567.357328   607
567.563490   607
567.769652   607
567.975813   607
568.181975   607
568.388137   607
568.594299   607
568.800461   607
569.006623   607
569.212784   607
569.418946   607
569.625108   607
569.831270   607
570.037432   607
570.243593   607
570.449755   607
570.655917   607
570.862079   607
571.068241   607
571.274403   607
571.480564   607
571.686726   607
571.892888   607
572.099050   607
572.305212   607
572.511373   607
572.717535   607
572.923697   607
573.129859   607
573.336021   607
573.542183   607
573.748344   607
573.954506   607
574.160668   607
574.366830   607
574.572992   607
574.779153   607
574.985315   607
575.191477   607
575.397639   607
575.603801   607
575.809963   607
576.016124   607
576.222286   607
576.428448   607
576.634610   607
576.840772   607
577.046933   607
577.253095   607
577.459257   607
577.665419   607
577.871581   607
578.077743   607
578.283904   607
578.490066   607
578.696228   607
578.902390   607
579.108552   607
579.314714   607
579.520875   607
579.727037   607
579.933199   607
580.139361   607
580.345523   607
580.551684   607
580.757846   607
580.964008   607
581.170170   607
581.376332   607
581.582494   607
581.788655   607
581.994817   607
582.200979   607
582.407141   607
582.613303   607
582.819464   607
583.025626   607
583.231788   607
583.437950   607
583.644112   607
583.850274   607
584.056435   607
584.262597   607
584.468759   607
584.674921   607
584.881083   607
585.087244   607
585.293406   607
585.499568   607
585.705730   607
585.911892   607
586.118054   607
586.324215   607
586.530377   607
586.736539   607
586.942701   607
587.148863   607
587.355024   607
587.561186   607
587.767348   607
587.973510   607
588.179672   607
588.385834   607
588.591995   607
588.798157   607
589.004319   607
589.210481   607
589.416643   607
589.622804   607
589.828966   607
590.035128   607
590.241290   607
590.447452   607
590.653614   607
590.859775   607
591.065937   607
591.272099   607
591.478261   607
591.684423   607
591.890585   607
592.096746   607
592.302908   607
592.509070   607
592.715232   607
592.921394   607
593.127555   607
593.333717   607
593.539879   607
593.746041   607
593.952203   607
594.158365   607
594.364526   607
594.570688   607
594.776850   607
594.983012   607
595.189174   607
595.395335   607
595.601497   607
595.807659   607
596.013821   607
596.219983   607
596.426145   607
596.632306   607
596.838468   607
597.044630   607
597.250792   607
597.456954   607
597.663115   607
597.869277   607
598.075439   607
598.281601   607
598.487763   607
598.693925   607
598.900086   607
599.106248   607
599.312410   607
599.518572   607
599.724734   607
599.930895   607
600.137057   607
600.343219   607
600.549381   607
600.755543   607
600.961705   607
601.167866   607
601.374028   607
601.580190   607
601.786352   607
601.992514   607
602.198675   607
602.404837   607
602.610999   607
602.817161   607
603.023323   607
603.229485   607
603.435646   607
603.641808   607
603.847970   607
604.054132   607
604.260294   607
604.466456   607
604.672617   607
604.878779   607
605.084941   607
605.291103   607
605.497265   607
605.703426   607
605.909588   607
606.115750   607
606.321912   607
606.528074   607
606.734236   607
606.940397   607
607.146559   607
607.352721   607
607.558883   607
607.765045   607
607.971206   607
608.177368   607
608.383530   607
608.589692   607
608.795854   607
609.002016   607
609.208177   607
609.414339   607
609.620501   607
609.826663   607
610.032825   607
610.238986   607
610.445148   607
610.651310   607
610.857472   607
611.063634   607
611.269796   607
611.475957   607
611.682119   607
611.888281   607
612.094443   607
612.300605   607
612.506766   607
612.712928   607
612.919090   607
613.125252   607
613.331414   607
613.537576   607
613.743737   607
613.949899   607
614.156061   607
614.362223   607
614.568385   607
614.774547   607
614.980708   607
615.186870   607
615.393032   607
615.599194   607
615.805356   607
616.011517   607
616.217679   607
616.423841   607
616.630003   607
616.836165   607
617.042327   607
617.248488   607
617.454650   607
617.660812   607
617.866974   607
618.073136   607
618.279297   607
618.485459   607
618.691621   607
618.897783   607
619.103945   607
619.310107   607
619.516268   607
619.722430   607
619.928592   607
620.134754   607
620.340916   607
620.547077   607
620.753239   607
620.959401   607
621.165563   607
621.371725   607
621.577887   607
621.784048   607
621.990210   607
622.196372   607
622.402534   607
622.608696   607
622.814857   607
623.021019   607
623.227181   607
623.433343   607
623.639505   607
623.845667   607
624.051828   607
624.257990   607
624.464152   607
624.670314   607
624.876476   607
625.082637   607
625.288799   607
625.494961   607
625.701123   607
625.907285   607
626.113447   607
626.319608   607
626.525770   607
626.731932   607
626.938094   607
627.144256   607
627.350418   607
627.556579   607
627.762741   607
627.968903   607
628.175065   607
628.381227   607
628.587388   607
628.793550   607
628.999712   607
629.205874   607
629.412036   607
629.618198   607
629.824359   607
630.030521   607
630.236683   607
630.442845   607
630.649007   607
630.855168   607
631.061330   607
631.267492   607
631.473654   607
631.679816   607
631.885978   607
632.092139   607
632.298301   607
632.504463   607
632.710625   607
632.916787   607
633.122948   607
633.329110   607
633.535272   607
633.741434   607
633.947596   607
634.153758   607
634.359919   607
634.566081   607
634.772243   607
634.978405   607
635.184567   607
635.390728   607
635.596890   607
635.803052   607
636.009214   607
636.215376   607
636.421538   607
636.627699   607
636.833861   607
637.040023   607
637.246185   607
637.452347   607
637.658508   607
637.864670   607
638.070832   607
638.276994   607
638.483156   607
638.689318   607
638.895479   607
639.101641   607
639.307803   607
639.513965   607
639.720127   607
639.926289   607
640.132450   607
640.338612   607
640.544774   607
640.750936   607
640.957098   607
641.163259   607
641.369421   607
641.575583   607
641.781745   607
641.987907   607
642.194069   607
642.400230   607
642.606392   607
642.812554   607
643.018716   607
643.224878   607
643.431039   607
643.637201   607
643.843363   607
644.049525   607
644.255687   607
644.461849   607
644.668010   607
644.874172   607
645.080334   607
645.286496   607
645.492658   607
645.698819   607
645.904981   607
646.111143   607
646.317305   607
646.523467   607
646.729629   607
646.935790   607
647.141952   607
647.348114   607
647.554276   607
647.760438   607
647.966599   607
648.172761   607
648.378923   607
648.585085   607
648.791247   607
648.997409   607
649.203570   607
649.409732   607
649.615894   607
649.822056   607
650.028218   607
650.234379   607
650.440541   607
650.646703   607
650.852865   607
651.059027   607
651.265189   607
651.471350   607
651.677512   607
651.883674   607
652.089836   607
652.295998   607
652.502160   607
652.708321   607
652.914483   607
653.120645   607
653.326807   607
653.532969   607
653.739130   607
653.945292   607
654.151454   607
654.357616   607
654.563778   607
654.769940   607
654.976101   607
655.182263   607
655.388425   607
655.594587   607
655.800749   607
656.006910   607
656.213072   607
656.419234   607
656.625396   607
656.831558   607
657.037720   607
657.243881   607
657.450043   607
657.656205   607
657.862367   607
658.068529   607
658.274690   607
658.480852   607
658.687014   607
658.893176   607
659.099338   607
659.305500   607
659.511661   607
659.717823   607
659.923985   607
660.130147   607
660.336309   607
660.542470   607
660.748632   607
660.954794   607
661.160956   607
661.367118   607
661.573280   607
661.779441   607
661.985603   607
662.191765   607
662.397927   607
662.604089   607
662.810251   607
663.016412   607
663.222574   607
663.428736   607
663.634898   607
663.841060   607
664.047221   607
664.253383   607
664.459545   607
664.665707   607
664.871869   607
665.078031   607
665.284192   607
665.490354   607
665.696516   607
665.902678   607
666.108840   607
666.315001   607
666.521163   607
666.727325   607
666.933487   607
667.139649   607
667.345811   607
667.551972   607
667.758134   607
667.964296   607
668.170458   607
668.376620   607
668.582781   607
668.788943   607
668.995105   607
669.201267   607
669.407429   607
669.613591   607
669.819752   607
670.025914   607
670.232076   607
670.438238   607
670.644400   607
670.850561   607
671.056723   607
671.262885   607
671.469047   607
671.675209   607
671.881371   607
672.087532   607
672.293694   607
672.499856   607
672.706018   607
672.912180   607
673.118341   607
673.324503   607
673.530665   607
673.736827   607
673.942989   607
674.149151   607
674.355312   607
674.561474   607
674.767636   607
674.973798   607
675.179960   607
675.386122   607
675.592283   607
675.798445   607
676.004607   607
676.210769   607
676.416931   607
676.623092   607
676.829254   607
677.035416   607
677.241578   607
677.447740   607
677.653902   607
677.860063   607
678.066225   607
678.272387   607
678.478549   607
678.684711   607
678.890872   607
679.097034   607
679.303196   607
679.509358   607
679.715520   607
679.921682   607
680.127843   607
680.334005   607
680.540167   607
680.746329   607
680.952491   607
681.158652   607
681.364814   607
681.570976   607
681.777138   607
681.983300   607
682.189462   607
682.395623   607
682.601785   607
682.807947   607
683.014109   607
683.220271   607
683.426432   607
683.632594   607
683.838756   607
684.044918   607
684.251080   607
684.457242   607
684.663403   607
684.869565   607
685.075727   607
685.281889   607
685.488051   607
685.694212   607
685.900374   607
686.106536   607
686.312698   607
686.518860   607
686.725022   607
686.931183   607
687.137345   607
687.343507   607
687.549669   607
687.755831   607
687.961993   607
688.168154   607
688.374316   607
688.580478   607
688.786640   607
688.992802   607
689.198963   607
689.405125   607
689.611287   607
689.817449   607
690.023611   607
690.229773   607
690.435934   607
690.642096   607
690.848258   607
691.054420   607
691.260582   607
691.466743   607
691.672905   607
691.879067   607
692.085229   607
692.291391   607
692.497553   607
692.703714   607
692.909876   607
693.116038   607
693.322200   607
693.528362   607
693.734523   607
693.940685   607
694.146847   607
694.353009   607
694.559171   607
694.765333   607
694.971494   607
695.177656   607
695.383818   607
695.589980   607
695.796142   607
696.002303   607
696.208465   607
696.414627   607
696.620789   607
696.826951   607
697.033113   607
697.239274   607
697.445436   607
697.651598   607
697.857760   607
698.063922   607
698.270084   607
698.476245   607
698.682407   607
698.888569   607
699.094731   607
699.300893   607
699.507054   607
699.713216   607
699.919378   607
700.125540   607
700.331702   607
700.537864   607
700.744025   607
700.950187   607
701.156349   607
701.362511   607
701.568673   607
701.774834   607
701.980996   607
702.187158   607
702.393320   607
702.599482   607
702.805644   607
703.011805   607
703.217967   607
703.424129   607
703.630291   607
703.836453   607
704.042614   607
704.248776   607
704.454938   607
704.661100   607
704.867262   607
705.073424   607
705.279585   607
705.485747   607
705.691909   607
705.898071   607
706.104233   607
706.310394   607
706.516556   607
706.722718   607
706.928880   607
707.135042   607
707.341204   607
707.547365   607
707.753527   607
707.959689   607
708.165851   607
708.372013   607
708.578174   607
708.784336   607
708.990498   607
709.196660   607
709.402822   607
709.608984   607
709.815145   607
710.021307   607
710.227469   607
710.433631   607
710.639793   607
710.845955   607
711.052116   607
711.258278   607
711.464440   607
711.670602   607
711.876764   607
712.082925   607
712.289087   607
712.495249   607
712.701411   607
712.907573   607
713.113735   607
713.319896   607
713.526058   607
713.732220   607
713.938382   607
714.144544   607
714.350705   607
714.556867   607
714.763029   607
714.969191   607
715.175353   607
715.381515   607
715.587676   607
715.793838   607
716.000000   607
