1356
927
1382
1441
1291
1351
1457
1458
1445
1463
1261
1227
1227
945
1140
984
970
1181
790
859
792
775
775
766
769
779
851
762
876
769
762
796
802
759
757
773
755
786
769
745
1065
716
716
715
720
840
716
769
715
1095
724
702
756
743
717
703
702
704
771
1182
704
796
708
1011
779
712
699
1145
701
714
708
866
741
760
718
699
701
728
966
698
839
699
691
838
843
878
845
708
691
860
784
705
716
677
677
756
703
677
680
703
686
680
683
1009
785
677
688
831
1078
943
679
667
863
697
670
668
667
703
672
837
667
674
708
776
982
666
699
667
678
722
713
975
711
666
666
729
670
811
664
866
669
692
708
678
662
1150
679
663
672
867
967
691
659
688
979
1070
658
669
668
709
661
684
673
646
645
645
645
669
645
876
655
651
914
646
645
658
645
698
701
655
645
663
645
645
726
700
681
646
1136
645
645
638
640
638
793
645
1059
650
649
683
854
687
644
1039
647
689
664
681
669
677
658
695
640
800
695
637
651
722
671
635
953
635
727
659
929
644
646
642
1096
637
638
636
640
640
816
646
701
752
698
775
635
635
635
636
648
645
687
666
994
649
635
847
861
680
706
639
642
635
648
809
650
698
646
742
695
642
700
650
755
634
636
1131
634
670
634
653
664
651
638
682
803
634
647
672
837
665
634
634
908
634
634
708
641
699
634
633
721
675
635
633
631
680
636
631
635
656
653
663
635
630
638
632
664
813
632
646
1108
776
655
630
640
672
630
633
721
783
1086
747
741
635
630
633
969
634
694
728
632
786
634
1082
949
631
812
765
732
717
635
634
632
674
1063
634
633
630
704
636
665
634
656
643
670
767
635
637
636
672
630
904
996
762
631
655
630
630
640
636
631
630
630
630
637
631
791
753
642
630
634
632
678
712
656
632
733
743
648
709
661
670
649
658
629
721
630
629
719
629
717
725
696
737
661
637
632
631
634
637
629
629
636
888
629
774
695
638
656
631
642
644
746
630
636
712
644
641
648
636
641
744
804
633
629
644
629
638
639
668
634
965
629
655
781
744
769
638
633
633
720
871
630
696
632
635
662
1037
733
633
631
669
632
634
792
629
629
684
637
640
1044
629
629
629
633
787
694
742
988
653
629
677
638
728
903
629
629
646
632
629
629
648
665
636
824
692
637
699
707
647
696
629
629
630
629
661
703
633
655
630
642
785
640
1233
716
846
655
641
683
634
948
665
631
633
642
629
692
715
641
646
708
640
647
629
633
629
847
680
630
631
853
629
1188
653
647
674
649
657
630
637
740
674
637
633
629
698
678
639
646
725
635
634
646
826
860
840
657
630
653
629
629
629
644
629
631
1159
665
631
632
629
631
643
677
642
631
631
653
752
693
632
767
636
629
629
629
1029
641
633
1048
641
632
812
630
1031
632
658
636
630
884
731
629
830
630
634
693
641
637
630
642
890
831
815
629
644
632
994
641
730
734
710
805
629
807
656
631
629
750
632
793
629
667
631
765
666
629
634
711
653
643
682
655
631
665
629
633
657
629
630
633
1029
629
888
698
638
693
662
666
1134
630
659
629
630
631
631
827
1041
694
766
629
736
663
759
630
709
629
633
644
629
638
669
631
763
656
629
629
737
642
629
719
637
646
640
786
671
629
630
630
631
633
655
644
725
728
642
629
954
636
629
634
717
629
629
634
641
634
759
630
633
644
629
691
882
631
681
641
672
629
756
676
693
668
1063
631
629
629
700
798
629
945
631
700
715
809
641
630
641
676
634
940
641
631
637
810
655
629
642
644
629
629
667
629
983
746
633
701
737
667
642
640
738
687
1019
640
709
859
668
641
629
661
641
639
635
632
693
665
631
644
838
629
629
720
747
698
629
849
728
641
662
800
640
630
631
633
1193
682
658
695
631
811
810
686
635
743
629
902
676
633
638
629
738
624
624
624
789
627
648
632
711
624
625
692
1064
1453
624
681
624
857
624
624
627
651
648
1086
626
624
662
624
633
632
624
623
631
711
625
623
715
742
994
631
1046
773
626
626
894
635
628
655
643
627
868
640
624
821
926
726
634
631
623
1178
1013
803
623
634
628
728
724
650
623
827
623
1091
719
651
623
780
621
626
647
703
708
655
666
624
651
625
655
621
715
634
783
626
640
621
651
624
653
677
665
665
621
655
743
784
657
664
621
621
625
632
627
649
1128
630
634
623
1129
751
757
630
642
1137
621
892
850
731
622
626
677
626
625
621
1118
621
625
768
621
991
624
709
791
727
774
717
777
629
622
641
741
741
621
623
621
626
764
684
631
626
1127
798
911
656
706
689
645
622
639
624
788
622
621
622
731
620
625
899
620
632
651
622
644
626
696
827
629
652
620
903
653
663
620
724
713
647
1049
626
725
632
635
715
677
620
630
649
621
638
644
650
656
635
626
620
703
620
634
713
624
644
620
728
621
621
626
682
761
620
796
785
621
620
620
620
779
631
637
623
644
644
871
656
632
647
740
655
628
623
630
623
624
655
713
670
620
1160
651
824
865
621
633
649
625
623
676
651
632
621
683
713
653
620
668
622
785
620
650
623
633
625
621
620
621
624
620
624
622
678
628
624
620
657
621
621
824
626
620
639
623
747
827
624
620
628
643
620
654
621
626
649
731
625
721
635
685
627
623
629
633
657
623
892
621
663
620
684
656
641
859
623
627
635
724
620
679
620
680
707
677
628
632
1056
620
647
620
714
620
626
683
984
705
668
620
645
620
624
845
635
753
620
624
676
620
705
620
620
622
621
1027
715
657
880
1155
715
741
620
620
628
824
1295
621
665
681
619
1068
1126
619
624
621
656
864
638
739
619
656
621
681
631
679
626
727
622
623
619
1039
619
619
620
679
619
619
621
687
619
622
625
774
620
633
628
631
643
621
621
619
623
648
739
619
752
623
747
685
634
625
622
619
823
638
681
837
619
623
806
632
646
619
620
698
616
760
664
808
623
701
875
616
1045
616
617
854
616
632
642
656
623
617
612
613
614
636
612
729
616
616
641
626
668
636
638
916
620
616
612
1070
612
673
626
660
808
614
614
850
612
747
612
905
613
614
725
613
619
612
782
668
772
1095
818
612
612
672
611
611
617
625
616
627
613
618
710
611
617
613
641
625
983
751
626
614
779
611
612
739
611
635
646
978
720
613
623
847
754
611
614
626
624
682
612
673
703
611
619
623
624
618
619
616
625
1143
1147
614
611
619
758
914
611
611
694
911
617
641
903
638
1097
611
722
612
611
611
616
612
611
619
765
611
611
639
643
613
621
611
612
615
612
620
611
610
610
610
612
615
615
695
1107
706
1341
614
612
614
754
714
624
611
626
610
1018
715
728
939
610
639
622
610
610
611
641
624
610
610
738
1010
625
855
613
610
610
622
618
670
639
845
611
612
678
775
610
610
612
618
624
619
662
609
645
893
608
664
612
626
692
647
644
636
721
609
608
734
608
612
608
619
613
607
764
739
617
645
638
607
699
663
987
880
667
617
607
696
609
607
607
609
641
610
649
607
693
641
732
607
948
636
838
622
958
663
609
775
623
607
1036
628
696
772
1147
653
644
662
627
634
685
621
620
611
694
1144
636
610
655
649
701
706
607
607
698
608
663
607
774
719
745
751
607
807
622
607
634
667
607
607
748
667
695
680
736
615
634
610
720
611
612
608
917
636
612
607
610
636
617
821
1011
967
608
609
703
611
607
607
621
615
642
607
607
616
607
1127
929
768
623
621
608
615
969
666
611
859
683
607
625
607
703
654
751
607
834
607
610
624
618
695
691
607
635
727
677
607
897
615
608
617
607
607
644
676
622
635
634
854
609
607
677
607
607
709
715
663
615
700
607
607
772
807
608
607
631
615
1065
1067
908
607
759
772
607
607
607
609
608
618
636
616
715
607
613
1153
807
607
704
634
609
650
613
616
686
663
617
622
667
609
694
608
650
607
688
611
644
752
841
646
967
636
647
607
674
607
706
682
694
673
640
705
652
626
652
607
677
607
748
652
607
649
610
607
618
638
706
628
714
607
609
607
623
642
613
838
672
880
623
621
634
621
611
1014
1087
607
612
607
607
607
634
635
611
692
607
727
878
673
634
619
615
738
636
608
607
1063
607
618
611
607
631
625
667
615
648
1126
607
615
608
610
607
626
644
616
674
643
735
705
620
1095
607
621
609
609
627
607
750
616
722
607
609
608
712
607
643
644
766
607
637
643
607
607
617
639
952
608
980
611
665
767
607
610
621
607
607
856
735
613
748
615
611
642
609
703
735
608
608
615
638
727
619
617
607
614
667
610
607
634
622
645
619
607
614
607
677
727
608
610
609
607
631
611
609
642
612
609
620
728
725
608
607
607
609
622
617
677
607
727
607
677
626
614
613
612
637
744
613
731
710
607
1122
609
648
608
607
636
721
649
607
670
612
778
619
619
634
713
624
619
634
610
616
840
672
609
747
607
826
619
611
607
666
703
615
620
838
617
677
668
996
619
679
648
613
622
607
608
607
761
613
616
739
607
623
610
623
992
1114
618
753
627
607
625
621
624
636
642
790
616
608
660
725
609
638
630
607
630
647
623
667
621
713
607
613
607
940
619
752
607
609
706
667
614
607
607
623
1043
613
614
607
621
731
805
1036
633
607
684
619
735
607
630
611
608
607
613
607
607
691
607
611
646
608
607
608
608
620
616
770
698
609
621
988
663
690
615
615
615
610
987
609
732
616
690
607
694
607
948
607
722
996
612
607
607
835
618
607
678
899
613
659
673
694
607
613
609
608
612
607
701
620
763
613
607
624
694
607
736
678
615
643
607
607
613
646
799
607
607
609
615
643
607
737
616
643
705
697
615
733
608
623
611
607
663
607
827
634
611
607
1127
619
613
607
616
632
607
608
607
611
663
607
631
619
677
608
671
649
635
607
739
630
608
607
621
607
607
791
607
619
623
609
607
609
607
762
615
853
627
608
607
607
746
607
749
635
607
616
735
799
613
607
622
619
607
610
609
922
615
607
1088
614
700
625
663
607
1063
768
608
612
622
896
613
665
636
608
895
607
678
615
611
622
612
635
627
621
841
607
631
708
839
876
793
607
663
607
619
610
618
609
615
655
631
608
667
640
615
618
619
608
621
607
1063
663
608
634
634
609
607
608
679
615
703
1068
895
617
607
624
607
610
770
619
613
619
607
677
932
609
609
607
623
608
668
663
793
612
607
738
680
608
838
609
720
608
705
682
658
607
639
619
607
655
608
1117
619
985
607
615
630
608
649
608
611
607
643
651
607
1087
607
970
607
650
619
613
607
607
621
614
621
607
761
702
711
1116
616
607
607
609
867
932
608
695
607
612
610
616
621
736
644
655
607
613
701
608
611
635
615
607
694
607
607
944
618
607
680
607
609
607
607
607
702
607
609
812
637
621
753
619
607
734
727
607
614
706
727
611
643
607
613
611
1261
611
674
627
607
701
607
615
610
607
613
654
692
620
607
1014
617
650
626
607
643
608
675
608
1016
650
638
641
609
614
608
1065
607
670
607
654
697
607
681
891
607
607
700
736
621
720
637
607
655
609
632
616
631
691
631
739
619
766
649
608
636
609
610
617
649
607
607
805
640
615
609
656
607
629
747
634
684
1567
610
620
641
856
610
626
607
614
696
739
627
611
617
615
1014
617
1095
608
615
734
623
618
612
637
620
607
607
607
691
608
761
609
674
607
607
607
607
607
613
618
619
607
607
620
607
615
704
667
639
620
695
607
609
607
709
618
608
665
609
607
969
725
894
644
650
670
749
651
607
607
611
609
1283
607
619
609
608
782
607
608
640
1125
649
614
607
644
735
619
668
653
663
774
754
607
751
676
636
649
676
623
613
694
645
614
617
607
755
672
609
611
1148
733
621
607
615
1016
663
640
615
614
607
657
637
607
607
607
621
607
655
611
700
615
607
693
612
679
608
607
607
903
636
838
622
958
649
609
775
623
607
627
731
712
607
674
608
622
622
645
715
630
811
638
607
611
748
616
627
615
611
991
675
742
611
607
607
975
621
612
636
615
619
620
664
779
743
751
607
806
622
668
608
609
607
642
664
799
1022
703
727
611
811
632
610
630
655
642
621
617
622
636
607
608
609
607
678
733
990
625
617
608
609
664
607
611
636
655
719
607
607
615
631
820
779
621
621
608
607
626
952
695
848
639
616
643
607
607
1114
649
608
717
609
611
665
613
1253
608
619
622
612
617
634
607
608
617
897
659
607
607
727
968
614
608
634
632
756
696
607
607
611
719
635
607
607
735
607
607
607
727
636
645
636
609
621
609
611
607
607
609
1063
631
607
630
635
611
908
607
758
620
772
615
607
607
607
607
761
607
738
652
635
634
1104
607
645
607
613
613
922
666
615
689
617
619
616
612
772
734
611
607
656
694
608
607
739
761
649
626
607
940
623
607
610
608
663
643
774
611
639
649
609
621
607
1082
764
674
640
626
609
607
663
614
723
631
803
616
688
634
611
620
616
622
812
614
620
634
621
611
1014
1087
607
607
608
1171
607
613
607
608
607
619
761
607
619
794
607
703
621
683
669
607
635
609
987
617
607
607
607
1063
607
618
611
607
631
626
667
616
635
1087
621
838
626
609
607
607
607
614
618
797
608
838
607
609
612
889
623
621
649
672
607
700
607
752
730
607
701
607
609
608
704
607
678
607
625
607
611
700
645
616
610
751
952
608
980
636
636
732
607
610
621
607
607
856
736
613
736
614
611
643
609
703
735
608
608
613
613
607
612
607
622
635
767
617
608
607
608
663
608
644
636
644
649
607
829
735
610
667
775
627
615
669
607
607
774
616
609
608
910
613
608
612
608
621
661
702
607
617
774
607
617
609
634
631
607
762
1036
607
610
618
700
634
607
842
607
668
677
764
613
637
609
662
607
607
612
609
721
649
607
669
610
778
854
607
857
615
617
607
817
664
1020
608
607
1113
789
853
609
607
717
636
609
642
607
643
702
607
850
643
610
643
628
607
922
607
614
607
617
609
828
641
632
608
611
607
631
706
616
1067
670
609
889
636
634
1006
607
617
607
607
617
772
608
643
623
883
619
625
608
623
636
642
789
616
608
660
725
609
638
628
607
620
631
648
622
667
607
610
613
607
940
619
738
607
608
691
667
614
607
607
623
609
607
612
673
607
1020
1423
607
912
607
607
614
1309
607
691
607
610
645
608
607
607
670
663
671
613
645
612
682
695
607
700
613
610
648
607
799
615
607
618
617
607
607
607
610
643
616
614
621
811
656
607
877
625
665
967
621
817
607
612
743
640
611
607
607
607
613
611
687
614
621
628
612
612
675
607
607
646
764
607
610
615
643
778
612
734
614
651
636
643
619
935
727
851
619
715
608
612
663
610
614
607
649
662
607
1014
610
631
613
613
607
607
663
611
607
619
660
731
780
616
611
607
739
651
608
693
614
624
620
607
609
607
607
672
607
607
637
609
619
607
678
739
612
607
607
837
629
607
609
608
618
607
607
611
662
640
612
607
1087
607
607
607
655
634
620
631
624
607
668
661
772
663
607
761
1136
634
613
908
613
618
608
607
607
607
663
608
637
623
750
842
611
609
612
694
699
762
607
924
642
611
607
607
610
761
625
629
637
672
636
609
634
608
607
608
621
607
609
621
608
608
607
607
607
861
735
621
922
607
751
660
639
700
734
636
705
619
1143
618
793
616
610
643
607
623
636
621
611
615
609
607
621
608
645
607
609
611
617
607
632
720
608
813
632
607
607
637
613
619
1042
607
607
753
814
643
707
607
637
607
1087
607
669
608
650
620
612
607
607
621
613
621
607
761
702
711
862
1099
652
607
635
607
828
906
607
642
695
608
607
607
727
1037
682
643
607
613
631
634
623
614
703
607
609
768
607
952
607
617
607
609
608
607
607
607
607
708
607
608
607
608
1028
607
746
694
607
614
733
629
727
997
654
607
607
635
609
608
1097
635
607
648
701
608
616
616
607
607
