780
604
667
642
1147
991
998
956
954
1052
930
876
856
977
882
887
824
721
770
812
722
782
852
707
657
760
814
623
641
623
628
513
742
506
502
746
553
518
638
487
485
511
503
459
535
657
578
518
492
460
666
473
649
489
678
516
467
420
424
576
446
498
367
368
381
387
359
363
418
360
365
440
365
421
391
372
583
416
384
437
506
538
372
489
359
377
575
710
393
359
357
371
360
368
433
358
376
378
423
387
371
410
391
414
362
442
364
393
421
472
358
378
359
365
493
468
387
369
374
478
547
415
477
369
358
358
417
358
405
606
358
447
402
377
368
401
366
380
371
430
429
413
525
410
358
371
456
547
692
356
499
467
469
392
356
356
429
371
462
563
350
359
421
352
348
348
338
350
351
347
601
342
355
338
338
340
376
340
348
397
412
338
338
416
377
412
350
528
337
337
377
337
337
358
458
398
349
355
354
381
477
426
336
374
356
343
364
419
425
349
341
336
376
365
532
366
347
367
358
376
818
358
443
348
372
351
411
347
336
418
378
350
340
338
339
339
364
336
340
382
504
402
350
434
379
455
355
350
501
525
355
379
363
413
340
339
408
345
372
500
383
350
338
361
339
344
366
336
552
361
360
493
343
689
353
337
435
657
360
339
348
365
456
340
344
434
402
476
336
352
487
353
356
340
345
402
337
364
357
402
486
490
338
584
381
339
602
337
410
360
400
336
442
351
336
336
347
336
341
373
352
492
380
362
406
346
337
345
524
447
338
358
339
379
590
370
395
337
337
520
348
383
351
345
465
347
410
882
384
387
504
354
345
505
352
598
438
413
483
423
405
363
519
503
380
355
348
443
348
370
410
491
359
428
337
346
338
397
373
355
632
352
364
344
371
336
373
350
336
393
348
376
364
359
347
339
498
336
500
412
336
567
348
400
400
504
408
336
336
386
367
404
438
671
336
446
424
565
395
348
339
343
440
348
576
360
540
344
506
348
349
462
441
350
364
348
354
444
442
361
365
349
336
363
442
363
440
624
480
363
347
345
390
336
336
341
425
359
337
422
336
363
435
336
348
399
336
365
424
357
338
339
359
337
354
430
391
378
492
562
348
348
448
350
502
543
364
350
352
473
370
352
510
343
433
365
348
515
350
336
618
336
365
336
404
350
336
348
412
438
383
489
404
339
348
339
345
343
346
421
699
408
414
336
336
358
394
337
345
459
336
336
336
336
336
408
365
510
523
342
339
575
338
339
336
341
342
429
342
346
534
543
370
551
362
351
356
409
392
342
378
336
339
336
364
338
349
490
490
337
338
355
388
505
408
401
344
351
380
443
336
420
402
471
593
349
341
351
534
360
352
336
434
637
338
355
416
444
364
441
432
422
336
453
405
377
351
488
338
504
360
428
364
611
387
356
412
338
465
360
413
346
458
349
349
371
414
370
411
338
364
344
347
336
649
469
350
348
348
635
342
345
369
699
336
354
337
362
340
341
336
336
343
361
338
340
401
419
516
427
459
346
362
399
426
440
384
351
336
569
396
371
347
342
350
362
336
610
397
351
336
642
371
367
337
434
359
354
357
384
336
343
396
358
449
672
338
343
336
339
548
336
336
353
346
393
336
472
435
336
364
339
439
341
378
385
458
380
460
336
364
338
452
411
590
338
377
339
336
336
479
347
355
372
493
436
501
363
349
350
338
348
348
488
339
346
336
540
346
334
337
458
479
401
387
338
422
415
406
334
359
382
351
338
497
334
399
509
379
335
537
335
371
361
471
395
358
414
532
356
335
335
341
391
337
333
333
349
359
486
347
343
333
371
347
333
435
333
348
586
463
370
351
669
333
332
339
404
342
397
392
598
332
744
344
491
477
340
443
363
335
344
332
423
664
371
332
488
332
358
416
345
334
356
402
337
594
361
347
347
332
369
339
387
376
376
421
332
563
343
394
345
332
584
365
415
332
352
419
344
332
362
332
357
333
347
342
503
351
444
337
585
346
346
398
363
333
397
370
332
333
471
406
356
332
377
444
374
718
332
335
344
475
332
501
337
346
353
336
332
406
347
353
426
428
334
580
332
332
358
461
425
442
440
447
332
334
341
332
337
343
434
488
333
434
353
487
450
343
473
341
500
353
332
402
493
334
332
503
334
346
341
354
350
442
332
332
332
343
338
452
341
343
352
391
442
333
422
361
335
370
341
377
472
332
360
404
333
345
346
418
374
338
332
344
344
500
447
348
349
343
353
384
341
352
343
363
500
424
364
415
334
344
444
335
332
440
525
414
336
335
344
667
392
371
436
377
347
356
416
346
464
332
442
400
380
422
343
354
334
457
339
561
335
332
481
332
472
647
379
332
340
467
332
483
905
346
360
332
362
332
341
430
349
382
346
332
346
366
332
341
335
332
332
368
419
686
358
332
344
378
332
411
352
368
341
457
545
368
332
346
335
344
409
495
332
355
518
367
401
332
435
495
332
332
347
343
382
440
356
357
332
442
339
339
518
336
332
340
381
333
381
594
466
344
341
530
332
376
445
333
349
469
368
341
335
344
335
359
357
343
336
445
353
343
431
332
350
391
341
392
366
447
332
332
350
335
478
405
332
398
385
343
419
496
337
448
357
346
437
591
378
337
626
334
355
335
435
439
590
332
350
346
336
565
462
332
355
364
355
332
434
368
390
333
337
416
408
339
345
377
347
332
345
332
351
366
358
343
354
392
360
605
361
451
477
469
532
482
500
340
341
343
344
341
333
454
332
333
381
344
332
444
344
350
381
350
454
332
352
395
452
333
343
346
359
362
610
333
390
335
333
344
347
468
358
350
349
568
409
332
404
355
332
337
342
389
346
432
368
360
332
339
449
596
459
445
332
332
486
357
332
386
430
525
337
332
449
430
346
332
558
332
491
341
362
375
409
356
338
347
332
420
332
359
344
340
345
340
368
339
372
411
347
485
356
332
400
332
351
413
335
486
464
575
337
356
341
384
352
332
335
332
347
341
414
339
359
336
410
476
363
359
368
345
356
344
333
333
356
332
356
439
332
335
464
512
393
339
343
359
357
336
346
335
346
395
371
548
355
332
334
395
415
398
332
441
333
332
332
389
336
337
332
355
333
377
333
333
452
332
365
341
332
352
332
394
384
424
335
341
412
409
377
339
346
378
346
338
348
343
332
439
430
371
351
440
607
351
395
332
521
394
382
356
424
332
476
380
332
409
392
347
395
339
332
458
361
341
333
343
358
480
339
332
340
382
371
332
334
333
350
334
341
396
558
332
352
363
362
336
368
333
340
406
452
335
344
332
429
409
332
332
332
332
337
430
564
478
333
399
524
332
377
380
351
332
332
514
332
335
347
414
332
478
333
332
548
346
389
492
358
358
332
332
338
332
417
368
354
356
332
356
343
340
428
363
336
387
336
388
333
347
573
419
332
422
334
419
334
597
346
512
332
346
371
332
394
332
533
635
332
519
357
450
416
338
401
488
411
332
368
519
411
523
355
359
445
343
372
456
357
345
332
362
362
359
415
428
343
332
357
332
369
400
346
402
348
416
418
332
432
485
333
362
348
380
343
532
862
371
350
335
563
332
440
348
399
367
346
333
356
351
376
332
337
407
341
354
353
354
369
332
351
353
460
517
432
345
343
471
639
332
352
342
413
428
350
332
341
807
350
578
334
376
335
345
377
333
346
350
486
348
535
376
332
344
422
333
368
332
382
349
353
447
533
332
345
346
524
356
332
404
344
332
519
481
334
332
344
333
340
341
336
401
333
332
340
657
344
500
332
332
332
404
428
338
368
348
533
440
386
553
346
354
401
588
528
343
348
378
475
354
500
359
473
354
332
337
481
354
332
359
392
334
332
464
356
369
332
332
333
335
410
395
333
344
356
344
353
346
398
367
362
359
374
335
334
341
428
341
338
568
368
332
491
458
433
336
427
333
342
403
378
335
334
350
539
344
332
344
361
452
335
383
332
337
348
357
332
334
466
350
368
341
397
334
449
364
421
333
485
341
368
392
388
354
359
359
337
332
377
380
343
332
332
344
336
356
347
466
365
365
395
332
346
369
391
354
351
356
333
344
542
505
344
368
519
339
367
442
527
332
339
335
485
361
344
475
365
336
412
333
374
381
346
364
334
530
478
418
333
344
381
450
391
391
356
350
333
499
348
370
332
359
346
332
479
340
371
334
354
349
333
350
738
358
339
360
348
559
342
344
332
488
376
359
356
420
332
332
575
400
332
359
344
355
343
336
354
334
336
339
355
337
336
466
416
374
509
344
356
351
531
427
333
424
343
336
428
424
356
360
344
332
348
435
596
464
344
332
360
367
332
332
337
409
356
528
404
332
356
420
332
332
332
567
378
411
403
341
354
393
333
444
357
357
538
353
339
389
340
333
413
338
356
514
344
339
378
452
371
388
428
341
332
332
348
407
332
332
476
332
357
357
400
368
520
340
342
337
368
661
717
543
464
525
347
332
332
389
437
340
335
369
386
332
337
332
332
336
336
369
333
353
342
332
333
452
541
332
374
332
332
350
477
386
476
501
472
403
359
376
341
353
443
348
332
545
440
332
332
334
440
354
342
356
397
335
496
409
360
332
332
386
332
537
332
355
338
344
336
332
415
621
361
388
476
440
345
419
428
418
449
336
345
628
333
345
358
356
344
347
371
429
337
452
344
409
338
497
339
332
367
355
432
369
335
365
343
353
333
348
343
402
390
469
350
333
334
346
332
332
332
375
356
398
339
345
334
392
362
332
332
403
409
349
442
392
353
338
425
343
338
352
344
384
349
358
332
343
353
381
555
345
337
332
344
332
360
332
445
641
349
332
333
334
525
332
341
346
343
407
332
332
339
338
394
333
359
373
392
423
448
336
333
332
346
380
361
372
332
332
387
454
346
343
368
404
359
517
518
340
503
332
344
333
340
337
332
344
350
490
333
369
370
332
333
333
339
352
388
396
342
346
354
512
332
361
364
356
335
457
332
332
356
333
361
337
427
537
333
343
334
332
335
332
336
486
416
346
661
344
387
480
392
332
357
344
333
435
332
332
585
453
369
351
486
332
339
337
381
350
337
383
333
332
731
416
370
416
388
362
342
346
344
605
336
371
332
488
332
357
416
344
355
368
439
342
369
334
339
336
332
333
332
360
521
370
377
509
332
361
344
341
417
332
397
365
446
332
344
353
405
344
332
362
332
332
333
421
356
339
359
348
338
347
353
369
344
359
344
348
332
357
333
335
525
449
466
357
343
351
334
332
368
332
333
332
402
342
464
475
333
344
408
340
404
333
428
343
558
379
332
334
350
372
351
380
604
470
345
344
332
402
332
402
606
595
332
332
399
386
363
428
431
360
544
337
339
348
333
342
342
368
380
544
345
336
332
332
377
475
344
348
346
350
430
332
332
426
501
388
332
396
332
422
434
345
344
342
393
339
513
332
352
343
427
498
341
421
362
333
344
337
332
355
346
395
343
354
359
394
344
676
348
394
332
576
332
552
416
340
341
387
459
341
338
528
382
344
542
507
343
332
487
356
334
651
480
395
341
346
472
350
334
345
346
452
359
332
335
332
352
441
398
332
335
390
500
354
356
687
353
559
332
452
332
460
634
379
332
345
362
588
555
345
374
346
392
394
348
381
332
346
332
427
335
428
332
336
429
333
343
344
357
333
371
397
367
341
345
404
566
332
332
444
431
388
335
353
332
433
443
344
367
400
332
422
397
332
332
335
343
512
440
355
332
542
338
348
348
332
406
400
360
466
538
347
394
343
415
478
344
358
344
433
334
332
337
368
333
362
368
332
335
345
342
454
333
417
332
354
332
378
348
346
341
392
432
332
332
350
506
333
420
457
361
528
337
347
345
343
341
430
346
475
539
470
440
366
448
341
344
335
341
347
385
360
335
392
380
332
564
332
339
380
487
337
343
465
383
398
438
339
345
368
380
336
332
358
336
580
356
454
416
417
692
391
428
548
348
337
368
341
335
332
341
332
337
343
332
363
332
425
333
380
344
334
332
332
381
420
350
344
332
368
362
583
332
374
346
440
335
338
354
343
409
493
346
332
345
332
368
394
598
380
358
341
386
332
356
339
440
455
356
332
332
472
357
332
386
339
334
529
360
431
460
464
339
502
346
332
464
348
350
333
528
332
332
336
530
333
409
339
356
339
371
399
346
469
332
334
332
397
332
349
413
335
342
333
542
332
337
358
343
358
368
333
354
333
381
332
338
347
414
332
337
367
346
374
357
332
333
345
332
333
344
332
333
344
332
345
333
391
377
348
424
351
377
332
332
332
361
337
338
336
383
416
332
332
444
425
333
360
384
369
332
351
353
332
346
332
387
364
396
377
369
354
362
340
332
354
340
334
332
453
332
332
344
336
345
346
333
463
444
399
332
357
346
337
348
343
332
439
430
371
352
440
607
350
420
332
385
342
379
393
382
343
335
347
332
344
332
368
346
479
344
386
380
340
332
402
347
429
333
344
332
348
343
332
337
344
422
391
346
411
412
410
343
483
428
386
359
332
380
333
396
336
409
564
340
332
344
429
409
332
332
332
337
341
356
359
338
340
374
358
332
343
437
332
333
356
356
488
332
335
528
332
343
332
356
378
332
350
356
332
368
377
419
368
332
416
340
368
332
339
476
346
369
368
332
431
333
443
385
538
332
460
332
332
608
333
347
332
356
391
549
443
332
332
339
373
405
350
458
334
487
358
332
411
332
368
521
400
528
355
359
432
340
357
399
345
344
332
364
373
360
428
371
334
353
332
505
358
361
336
396
335
337
512
339
333
448
332
440
377
332
361
340
338
529
369
364
332
388
356
426
348
381
332
404
344
334
333
340
332
518
336
339
410
383
341
332
407
445
539
335
336
392
386
353
357
332
349
338
429
353
342
454
449
647
577
332
332
332
347
342
333
345
430
346
332
449
349
332
341
772
350
579
335
373
347
441
336
345
349
486
346
497
346
332
433
440
441
349
380
333
332
373
348
353
427
533
332
344
333
344
332
332
332
343
618
332
332
332
334
358
333
332
372
332
333
351
333
346
332
332
332
334
332
402
419
364
429
403
338
360
750
354
334
360
337
525
348
472
344
382
335
332
640
454
489
357
415
337
340
378
475
354
340
333
530
349
449
354
332
338
475
354
341
332
349
380
334
332
464
356
369
332
332
333
335
410
386
347
342
337
344
353
346
398
335
356
361
374
335
381
357
372
340
364
354
341
359
332
332
430
450
521
361
356
463
361
732
392
332
499
371
333
332
500
458
369
336
376
333
356
338
337
344
347
332
346
373
334
514
356
374
434
338
428
428
333
409
508
401
338
359
408
332
332
445
336
350
332
332
344
365
377
332
368
356
346
334
334
335
332
332
346
369
501
335
339
500
356
377
333
333
504
344
368
341
350
332
332
353
344
334
452
335
500
349
332
343
472
452
448
380
452
332
421
503
454
342
347
587
357
698
394
343
334
339
461
345
486
359
470
499
348
368
332
359
347
332
348
339
334
346
524
354
410
333
407
332
472
397
332
563
332
385
382
500
382
332
333
370
332
349
383
734
652
332
332
435
332
368
529
367
332
339
418
344
560
344
475
339
489
389
344
460
427
335
346
388
389
332
358
332
538
332
336
417
365
358
500
342
332
356
413
332
402
340
334
377
347
336
332
335
332
376
486
385
401
341
365
333
346
349
341
345
356
338
357
537
353
339
388
340
333
413
338
356
345
335
332
343
409
416
337
336
456
332
368
332
346
452
452
332
420
359
351
432
496
397
392
362
361
335
366
334
343
333
341
360
336
366
365
344
333
332
332
340
335
369
385
332
336
332
332
575
356
371
340
343
332
344
340
332
347
332
332
500
344
369
332
354
332
417
356
607
349
340
383
334
335
718
414
356
332
332
332
440
354
332
342
356
397
334
369
479
409
359
332
332
386
332
347
437
408
346
332
350
579
414
402
333
425
339
367
446
569
341
376
465
332
332
419
451
332
563
465
546
466
497
352
450
486
338
332
332
335
334
347
346
357
411
364
368
339
361
344
361
476
359
345
369
361
671
332
334
333
333
409
347
360
371
334
362
563
394
365
332
659
333
365
355
334
332
528
403
332
358
342
414
421
332
584
386
332
342
336
339
335
337
344
514
344
332
388
333
578
557
358
339
332
343
332
333
345
342
340
332
356
345
402
349
335
349
389
356
387
397
332
356
343
335
358
341
381
391
338
332
348
332
514
473
351
484
418
332
443
518
342
503
332
345
378
389
344
340
356
374
546
343
359
434
334
336
419
401
405
335
336
408
341
389
404
333
356
356
387
344
454
332
332
332
351
412
343
334
415
332
376
454
365
332
335
334
368
425
362
336
332
341
370
345
647
344
359
344
332
358
346
332
435
345
332
585
439
369
350
656
332
337
354
361
362
360
345
345
360
404
395
332
338
367
355
333
362
465
344
332
355
333
345
345
354
332
348
378
342
332
441
388
341
570
361
347
333
332
359
338
538
360
338
332
338
356
348
332
422
336
339
441
332
344
430
354
332
371
332
333
334
333
344
435
340
352
345
372
344
355
334
358
342
536
332
332
341
332
366
433
360
341
339
356
364
639
332
334
333
464
332
487
332
332
344
368
344
332
343
414
404
725
374
332
338
430
438
441
370
567
332
332
333
349
456
344
352
428
359
353
350
446
356
418
467
332
355
428
335
348
651
389
333
332
381
404
336
595
350
332
345
350
430
332
332
426
502
332
385
332
428
378
346
338
440
332
356
393
337
333
490
332
352
343
464
368
332
431
332
332
382
332
334
343
332
333
395
475
334
358
458
333
365
387
333
472
488
563
411
332
364
332
344
399
338
332
332
