0.173846   780
0.347692   604
0.521538   604
0.695385   604
0.869231   604
1.043077   604
1.216923   604
1.390769   604
1.564615   604
1.738462   604
1.912308   604
2.086154   604
2.260000   604
2.433846   604
2.607692   604
2.781538   604
2.955385   604
3.129231   604
3.303077   604
3.476923   604
3.650769   604
3.824615   604
3.998462   604
4.172308   604
4.346154   604
4.520000   604
4.693846   604
4.867692   604
5.041538   604
5.215385   604
5.389231   604
5.563077   513
5.736923   513
5.910769   506
6.084615   502
6.258462   502
6.432308   502
6.606154   502
6.780000   502
6.953846   487
7.127692   485
7.301538   485
7.475385   485
7.649231   459
7.823077   459
7.996923   459
8.170769   459
8.344615   459
8.518462   459
8.692308   459
8.866154   459
9.040000   459
9.213846   459
9.387692   459
9.561538   459
9.735385   459
9.909231   459
10.083077   420
10.256923   420
10.430769   420
10.604615   420
10.778462   420
10.952308   367
11.126154   367
11.300000   367
11.473846   367
11.647692   359
11.821538   359
11.995385   359
12.169231   359
12.343077   359
12.516923   359
12.690769   359
12.864615   359
13.038462   359
13.212308   359
13.386154   359
13.560000   359
13.733846   359
13.907692   359
14.081538   359
14.255385   359
14.429231   359
14.603077   359
14.776923   359
14.950769   359
15.124615   359
15.298462   359
15.472308   359
15.646154   359
15.820000   357
15.993846   357
16.167692   357
16.341538   357
16.515385   357
16.689231   357
16.863077   357
17.036923   357
17.210769   357
17.384615   357
17.558462   357
17.732308   357
17.906154   357
18.080000   357
18.253846   357
18.427692   357
18.601538   357
18.775385   357
18.949231   357
19.123077   357
19.296923   357
19.470769   357
19.644615   357
19.818462   357
19.992308   357
20.166154   357
20.340000   357
20.513846   357
20.687692   357
20.861538   357
21.035385   357
21.209231   357
21.383077   357
21.556923   357
21.730769   357
21.904615   357
22.078462   357
22.252308   357
22.426154   357
22.600000   357
22.773846   357
22.947692   357
23.121538   357
23.295385   357
23.469231   357
23.643077   357
23.816923   357
23.990769   357
24.164615   357
24.338462   357
24.512308   357
24.686154   357
24.860000   357
25.033846   357
25.207692   357
25.381538   357
25.555385   357
25.729231   357
25.903077   357
26.076923   356
26.250769   356
26.424615   356
26.598462   356
26.772308   356
26.946154   356
27.120000   356
27.293846   356
27.467692   356
27.641538   356
27.815385   356
27.989231   350
28.163077   350
28.336923   350
28.510769   350
28.684615   348
28.858462   348
29.032308   338
29.206154   338
29.380000   338
29.553846   338
29.727692   338
29.901538   338
30.075385   338
30.249231   338
30.423077   338
30.596923   338
30.770769   338
30.944615   338
31.118462   338
31.292308   338
31.466154   338
31.640000   338
31.813846   338
31.987692   338
32.161538   338
32.335385   338
32.509231   338
32.683077   338
32.856923   337
33.030769   337
33.204615   337
33.378462   337
33.552308   337
33.726154   337
33.900000   337
34.073846   337
34.247692   337
34.421538   337
34.595385   337
34.769231   337
34.943077   337
35.116923   337
35.290769   336
35.464615   336
35.638462   336
35.812308   336
35.986154   336
36.160000   336
36.333846   336
36.507692   336
36.681538   336
36.855385   336
37.029231   336
37.203077   336
37.376923   336
37.550769   336
37.724615   336
37.898462   336
38.072308   336
38.246154   336
38.420000   336
38.593846   336
38.767692   336
38.941538   336
39.115385   336
39.289231   336
39.463077   336
39.636923   336
39.810769   336
39.984615   336
40.158462   336
40.332308   336
40.506154   336
40.680000   336
40.853846   336
41.027692   336
41.201538   336
41.375385   336
41.549231   336
41.723077   336
41.896923   336
42.070769   336
42.244615   336
42.418462   336
42.592308   336
42.766154   336
42.940000   336
43.113846   336
43.287692   336
43.461538   336
43.635385   336
43.809231   336
43.983077   336
44.156923   336
44.330769   336
44.504615   336
44.678462   336
44.852308   336
45.026154   336
45.200000   336
45.373846   336
45.547692   336
45.721538   336
45.895385   336
46.069231   336
46.243077   336
46.416923   336
46.590769   336
46.764615   336
46.938462   336
47.112308   336
47.286154   336
47.460000   336
47.633846   336
47.807692   336
47.981538   336
48.155385   336
48.329231   336
48.503077   336
48.676923   336
48.850769   336
49.024615   336
49.198462   336
49.372308   336
49.546154   336
49.720000   336
49.893846   336
50.067692   336
50.241538   336
50.415385   336
50.589231   336
50.763077   336
50.936923   336
51.110769   336
51.284615   336
51.458462   336
51.632308   336
51.806154   336
51.980000   336
52.153846   336
52.327692   336
52.501538   336
52.675385   336
52.849231   336
53.023077   336
53.196923   336
53.370769   336
53.544615   336
53.718462   336
53.892308   336
54.066154   336
54.240000   336
54.413846   336
54.587692   336
54.761538   336
54.935385   336
55.109231   336
55.283077   336
55.456923   336
55.630769   336
55.804615   336
55.978462   336
56.152308   336
56.326154   336
56.500000   336
56.673846   336
56.847692   336
57.021538   336
57.195385   336
57.369231   336
57.543077   336
57.716923   336
57.890769   336
58.064615   336
58.238462   336
58.412308   336
58.586154   336
58.760000   336
58.933846   336
59.107692   336
59.281538   336
59.455385   336
59.629231   336
59.803077   336
59.976923   336
60.150769   336
60.324615   336
60.498462   336
60.672308   336
60.846154   336
61.020000   336
61.193846   336
61.367692   336
61.541538   336
61.715385   336
61.889231   336
62.063077   336
62.236923   336
62.410769   336
62.584615   336
62.758462   336
62.932308   336
63.106154   336
63.280000   336
63.453846   336
63.627692   336
63.801538   336
63.975385   336
64.149231   336
64.323077   336
64.496923   336
64.670769   336
64.844615   336
65.018462   336
65.192308   336
65.366154   336
65.540000   336
65.713846   336
65.887692   336
66.061538   336
66.235385   336
66.409231   336
66.583077   336
66.756923   336
66.930769   336
67.104615   336
67.278462   336
67.452308   336
67.626154   336
67.800000   336
67.973846   336
68.147692   336
68.321538   336
68.495385   336
68.669231   336
68.843077   336
69.016923   336
69.190769   336
69.364615   336
69.538462   336
69.712308   336
69.886154   336
70.060000   336
70.233846   336
70.407692   336
70.581538   336
70.755385   336
70.929231   336
71.103077   336
71.276923   336
71.450769   336
71.624615   336
71.798462   336
71.972308   336
72.146154   336
72.320000   336
72.493846   336
72.667692   336
72.841538   336
73.015385   336
73.189231   336
73.363077   336
73.536923   336
73.710769   336
73.884615   336
74.058462   336
74.232308   336
74.406154   336
74.580000   336
74.753846   336
74.927692   336
75.101538   336
75.275385   336
75.449231   336
75.623077   336
75.796923   336
75.970769   336
76.144615   336
76.318462   336
76.492308   336
76.666154   336
76.840000   336
77.013846   336
77.187692   336
77.361538   336
77.535385   336
77.709231   336
77.883077   336
78.056923   336
78.230769   336
78.404615   336
78.578462   336
78.752308   336
78.926154   336
79.100000   336
79.273846   336
79.447692   336
79.621538   336
79.795385   336
79.969231   336
80.143077   336
80.316923   336
80.490769   336
80.664615   336
80.838462   336
81.012308   336
81.186154   336
81.360000   336
81.533846   336
81.707692   336
81.881538   336
82.055385   336
82.229231   336
82.403077   336
82.576923   336
82.750769   336
82.924615   336
83.098462   336
83.272308   336
83.446154   336
83.620000   336
83.793846   336
83.967692   336
84.141538   336
84.315385   336
84.489231   336
84.663077   336
84.836923   336
85.010769   336
85.184615   336
85.358462   336
85.532308   336
85.706154   336
85.880000   336
86.053846   336
86.227692   336
86.401538   336
86.575385   336
86.749231   336
86.923077   336
87.096923   336
87.270769   336
87.444615   336
87.618462   336
87.792308   336
87.966154   336
88.140000   336
88.313846   336
88.487692   336
88.661538   336
88.835385   336
89.009231   336
89.183077   336
89.356923   336
89.530769   336
89.704615   336
89.878462   336
90.052308   336
90.226154   336
90.400000   336
90.573846   336
90.747692   336
90.921538   336
91.095385   336
91.269231   336
91.443077   336
91.616923   336
91.790769   336
91.964615   336
92.138462   336
92.312308   336
92.486154   336
92.660000   336
92.833846   336
93.007692   336
93.181538   336
93.355385   336
93.529231   336
93.703077   336
93.876923   336
94.050769   336
94.224615   336
94.398462   336
94.572308   336
94.746154   336
94.920000   336
95.093846   336
95.267692   336
95.441538   336
95.615385   336
95.789231   336
95.963077   336
96.136923   336
96.310769   336
96.484615   336
96.658462   336
96.832308   336
97.006154   336
97.180000   336
97.353846   336
97.527692   336
97.701538   336
97.875385   336
98.049231   336
98.223077   336
98.396923   336
98.570769   336
98.744615   336
98.918462   336
99.092308   336
99.266154   336
99.440000   336
99.613846   336
99.787692   336
99.961538   336
100.135385   336
100.309231   336
100.483077   336
100.656923   336
100.830769   336
101.004615   336
101.178462   336
101.352308   336
101.526154   336
101.700000   336
101.873846   336
102.047692   336
102.221538   336
102.395385   336
102.569231   336
102.743077   336
102.916923   336
103.090769   336
103.264615   336
103.438462   336
103.612308   336
103.786154   336
103.960000   336
104.133846   336
104.307692   336
104.481538   336
104.655385   336
104.829231   336
105.003077   336
105.176923   336
105.350769   336
105.524615   336
105.698462   336
105.872308   336
106.046154   336
106.220000   336
106.393846   336
106.567692   336
106.741538   336
106.915385   336
107.089231   336
107.263077   336
107.436923   336
107.610769   336
107.784615   336
107.958462   336
108.132308   336
108.306154   336
108.480000   336
108.653846   336
108.827692   336
109.001538   336
109.175385   336
109.349231   336
109.523077   336
109.696923   336
109.870769   336
110.044615   336
110.218462   336
110.392308   336
110.566154   336
110.740000   336
110.913846   336
111.087692   336
111.261538   336
111.435385   336
111.609231   336
111.783077   336
111.956923   336
112.130769   336
112.304615   336
112.478462   336
112.652308   336
112.826154   336
113.000000   336
113.173846   336
113.347692   336
113.521538   336
113.695385   336
113.869231   336
114.043077   336
114.216923   336
114.390769   336
114.564615   336
114.738462   336
114.912308   336
115.086154   336
115.260000   336
115.433846   336
115.607692   336
115.781538   336
115.955385   336
116.129231   336
116.303077   336
116.476923   336
116.650769   336
116.824615   336
116.998462   336
117.172308   336
117.346154   336
117.520000   336
117.693846   336
117.867692   336
118.041538   336
118.215385   336
118.389231   336
118.563077   336
118.736923   336
118.910769   336
119.084615   336
119.258462   336
119.432308   336
119.606154   336
119.780000   336
119.953846   336
120.127692   336
120.301538   336
120.475385   336
120.649231   336
120.823077   336
120.996923   336
121.170769   336
121.344615   336
121.518462   336
121.692308   336
121.866154   336
122.040000   336
122.213846   336
122.387692   336
122.561538   336
122.735385   336
122.909231   336
123.083077   336
123.256923   336
123.430769   336
123.604615   336
123.778462   336
123.952308   336
124.126154   336
124.300000   336
124.473846   336
124.647692   336
124.821538   336
124.995385   336
125.169231   336
125.343077   336
125.516923   336
125.690769   336
125.864615   336
126.038462   336
126.212308   336
126.386154   336
126.560000   336
126.733846   336
126.907692   336
127.081538   336
127.255385   336
127.429231   336
127.603077   336
127.776923   336
127.950769   336
128.124615   336
128.298462   336
128.472308   336
128.646154   336
128.820000   336
128.993846   336
129.167692   336
129.341538   336
129.515385   336
129.689231   336
129.863077   336
130.036923   336
130.210769   336
130.384615   334
130.558462   334
130.732308   334
130.906154   334
131.080000   334
131.253846   334
131.427692   334
131.601538   334
131.775385   334
131.949231   334
132.123077   334
132.296923   334
132.470769   334
132.644615   334
132.818462   334
132.992308   334
133.166154   334
133.340000   334
133.513846   334
133.687692   334
133.861538   334
134.035385   334
134.209231   334
134.383077   334
134.556923   334
134.730769   334
134.904615   334
135.078462   334
135.252308   334
135.426154   334
135.600000   334
135.773846   334
135.947692   334
136.121538   334
136.295385   334
136.469231   334
136.643077   333
136.816923   333
136.990769   333
137.164615   333
137.338462   333
137.512308   333
137.686154   333
137.860000   333
138.033846   333
138.207692   333
138.381538   333
138.555385   333
138.729231   333
138.903077   333
139.076923   333
139.250769   333
139.424615   333
139.598462   333
139.772308   333
139.946154   333
140.120000   332
140.293846   332
140.467692   332
140.641538   332
140.815385   332
140.989231   332
141.163077   332
141.336923   332
141.510769   332
141.684615   332
141.858462   332
142.032308   332
142.206154   332
142.380000   332
142.553846   332
142.727692   332
142.901538   332
143.075385   332
143.249231   332
143.423077   332
143.596923   332
143.770769   332
143.944615   332
144.118462   332
144.292308   332
144.466154   332
144.640000   332
144.813846   332
144.987692   332
145.161538   332
145.335385   332
145.509231   332
145.683077   332
145.856923   332
146.030769   332
146.204615   332
146.378462   332
146.552308   332
146.726154   332
146.900000   332
147.073846   332
147.247692   332
147.421538   332
147.595385   332
147.769231   332
147.943077   332
148.116923   332
148.290769   332
148.464615   332
148.638462   332
148.812308   332
148.986154   332
149.160000   332
149.333846   332
149.507692   332
149.681538   332
149.855385   332
150.029231   332
150.203077   332
150.376923   332
150.550769   332
150.724615   332
150.898462   332
151.072308   332
151.246154   332
151.420000   332
151.593846   332
151.767692   332
151.941538   332
152.115385   332
152.289231   332
152.463077   332
152.636923   332
152.810769   332
152.984615   332
153.158462   332
153.332308   332
153.506154   332
153.680000   332
153.853846   332
154.027692   332
154.201538   332
154.375385   332
154.549231   332
154.723077   332
154.896923   332
155.070769   332
155.244615   332
155.418462   332
155.592308   332
155.766154   332
155.940000   332
156.113846   332
156.287692   332
156.461538   332
156.635385   332
156.809231   332
156.983077   332
157.156923   332
157.330769   332
157.504615   332
157.678462   332
157.852308   332
158.026154   332
158.200000   332
158.373846   332
158.547692   332
158.721538   332
158.895385   332
159.069231   332
159.243077   332
159.416923   332
159.590769   332
159.764615   332
159.938462   332
160.112308   332
160.286154   332
160.460000   332
160.633846   332
160.807692   332
160.981538   332
161.155385   332
161.329231   332
161.503077   332
161.676923   332
161.850769   332
162.024615   332
162.198462   332
162.372308   332
162.546154   332
162.720000   332
162.893846   332
163.067692   332
163.241538   332
163.415385   332
163.589231   332
163.763077   332
163.936923   332
164.110769   332
164.284615   332
164.458462   332
164.632308   332
164.806154   332
164.980000   332
165.153846   332
165.327692   332
165.501538   332
165.675385   332
165.849231   332
166.023077   332
166.196923   332
166.370769   332
166.544615   332
166.718462   332
166.892308   332
167.066154   332
167.240000   332
167.413846   332
167.587692   332
167.761538   332
167.935385   332
168.109231   332
168.283077   332
168.456923   332
168.630769   332
168.804615   332
168.978462   332
169.152308   332
169.326154   332
169.500000   332
169.673846   332
169.847692   332
170.021538   332
170.195385   332
170.369231   332
170.543077   332
170.716923   332
170.890769   332
171.064615   332
171.238462   332
171.412308   332
171.586154   332
171.760000   332
171.933846   332
172.107692   332
172.281538   332
172.455385   332
172.629231   332
172.803077   332
172.976923   332
173.150769   332
173.324615   332
173.498462   332
173.672308   332
173.846154   332
174.020000   332
174.193846   332
174.367692   332
174.541538   332
174.715385   332
174.889231   332
175.063077   332
175.236923   332
175.410769   332
175.584615   332
175.758462   332
175.932308   332
176.106154   332
176.280000   332
176.453846   332
176.627692   332
176.801538   332
176.975385   332
177.149231   332
177.323077   332
177.496923   332
177.670769   332
177.844615   332
178.018462   332
178.192308   332
178.366154   332
178.540000   332
178.713846   332
178.887692   332
179.061538   332
179.235385   332
179.409231   332
179.583077   332
179.756923   332
179.930769   332
180.104615   332
180.278462   332
180.452308   332
180.626154   332
180.800000   332
180.973846   332
181.147692   332
181.321538   332
181.495385   332
181.669231   332
181.843077   332
182.016923   332
182.190769   332
182.364615   332
182.538462   332
182.712308   332
182.886154   332
183.060000   332
183.233846   332
183.407692   332
183.581538   332
183.755385   332
183.929231   332
184.103077   332
184.276923   332
184.450769   332
184.624615   332
184.798462   332
184.972308   332
185.146154   332
185.320000   332
185.493846   332
185.667692   332
185.841538   332
186.015385   332
186.189231   332
186.363077   332
186.536923   332
186.710769   332
186.884615   332
187.058462   332
187.232308   332
187.406154   332
187.580000   332
187.753846   332
187.927692   332
188.101538   332
188.275385   332
188.449231   332
188.623077   332
188.796923   332
188.970769   332
189.144615   332
189.318462   332
189.492308   332
189.666154   332
189.840000   332
190.013846   332
190.187692   332
190.361538   332
190.535385   332
190.709231   332
190.883077   332
191.056923   332
191.230769   332
191.404615   332
191.578462   332
191.752308   332
191.926154   332
192.100000   332
192.273846   332
192.447692   332
192.621538   332
192.795385   332
192.969231   332
193.143077   332
193.316923   332
193.490769   332
193.664615   332
193.838462   332
194.012308   332
194.186154   332
194.360000   332
194.533846   332
194.707692   332
194.881538   332
195.055385   332
195.229231   332
195.403077   332
195.576923   332
195.750769   332
195.924615   332
196.098462   332
196.272308   332
196.446154   332
196.620000   332
196.793846   332
196.967692   332
197.141538   332
197.315385   332
197.489231   332
197.663077   332
197.836923   332
198.010769   332
198.184615   332
198.358462   332
198.532308   332
198.706154   332
198.880000   332
199.053846   332
199.227692   332
199.401538   332
199.575385   332
199.749231   332
199.923077   332
200.096923   332
200.270769   332
200.444615   332
200.618462   332
200.792308   332
200.966154   332
201.140000   332
201.313846   332
201.487692   332
201.661538   332
201.835385   332
202.009231   332
202.183077   332
202.356923   332
202.530769   332
202.704615   332
202.878462   332
203.052308   332
203.226154   332
203.400000   332
203.573846   332
203.747692   332
203.921538   332
204.095385   332
204.269231   332
204.443077   332
204.616923   332
204.790769   332
204.964615   332
205.138462   332
205.312308   332
205.486154   332
205.660000   332
205.833846   332
206.007692   332
206.181538   332
206.355385   332
206.529231   332
206.703077   332
206.876923   332
207.050769   332
207.224615   332
207.398462   332
207.572308   332
207.746154   332
207.920000   332
208.093846   332
208.267692   332
208.441538   332
208.615385   332
208.789231   332
208.963077   332
209.136923   332
209.310769   332
209.484615   332
209.658462   332
209.832308   332
210.006154   332
210.180000   332
210.353846   332
210.527692   332
210.701538   332
210.875385   332
211.049231   332
211.223077   332
211.396923   332
211.570769   332
211.744615   332
211.918462   332
212.092308   332
212.266154   332
212.440000   332
212.613846   332
212.787692   332
212.961538   332
213.135385   332
213.309231   332
213.483077   332
213.656923   332
213.830769   332
214.004615   332
214.178462   332
214.352308   332
214.526154   332
214.700000   332
214.873846   332
215.047692   332
215.221538   332
215.395385   332
215.569231   332
215.743077   332
215.916923   332
216.090769   332
216.264615   332
216.438462   332
216.612308   332
216.786154   332
216.960000   332
217.133846   332
217.307692   332
217.481538   332
217.655385   332
217.829231   332
218.003077   332
218.176923   332
218.350769   332
218.524615   332
218.698462   332
218.872308   332
219.046154   332
219.220000   332
219.393846   332
219.567692   332
219.741538   332
219.915385   332
220.089231   332
220.263077   332
220.436923   332
220.610769   332
220.784615   332
220.958462   332
221.132308   332
221.306154   332
221.480000   332
221.653846   332
221.827692   332
222.001538   332
222.175385   332
222.349231   332
222.523077   332
222.696923   332
222.870769   332
223.044615   332
223.218462   332
223.392308   332
223.566154   332
223.740000   332
223.913846   332
224.087692   332
224.261538   332
224.435385   332
224.609231   332
224.783077   332
224.956923   332
225.130769   332
225.304615   332
225.478462   332
225.652308   332
225.826154   332
226.000000   332
226.173846   332
226.347692   332
226.521538   332
226.695385   332
226.869231   332
227.043077   332
227.216923   332
227.390769   332
227.564615   332
227.738462   332
227.912308   332
228.086154   332
228.260000   332
228.433846   332
228.607692   332
228.781538   332
228.955385   332
229.129231   332
229.303077   332
229.476923   332
229.650769   332
229.824615   332
229.998462   332
230.172308   332
230.346154   332
230.520000   332
230.693846   332
230.867692   332
231.041538   332
231.215385   332
231.389231   332
231.563077   332
231.736923   332
231.910769   332
232.084615   332
232.258462   332
232.432308   332
232.606154   332
232.780000   332
232.953846   332
233.127692   332
233.301538   332
233.475385   332
233.649231   332
233.823077   332
233.996923   332
234.170769   332
234.344615   332
234.518462   332
234.692308   332
234.866154   332
235.040000   332
235.213846   332
235.387692   332
235.561538   332
235.735385   332
235.909231   332
236.083077   332
236.256923   332
236.430769   332
236.604615   332
236.778462   332
236.952308   332
237.126154   332
237.300000   332
237.473846   332
237.647692   332
237.821538   332
237.995385   332
238.169231   332
238.343077   332
238.516923   332
238.690769   332
238.864615   332
239.038462   332
239.212308   332
239.386154   332
239.560000   332
239.733846   332
239.907692   332
240.081538   332
240.255385   332
240.429231   332
240.603077   332
240.776923   332
240.950769   332
241.124615   332
241.298462   332
241.472308   332
241.646154   332
241.820000   332
241.993846   332
242.167692   332
242.341538   332
242.515385   332
242.689231   332
242.863077   332
243.036923   332
243.210769   332
243.384615   332
243.558462   332
243.732308   332
243.906154   332
244.080000   332
244.253846   332
244.427692   332
244.601538   332
244.775385   332
244.949231   332
245.123077   332
245.296923   332
245.470769   332
245.644615   332
245.818462   332
245.992308   332
246.166154   332
246.340000   332
246.513846   332
246.687692   332
246.861538   332
247.035385   332
247.209231   332
247.383077   332
247.556923   332
247.730769   332
247.904615   332
248.078462   332
248.252308   332
248.426154   332
248.600000   332
248.773846   332
248.947692   332
249.121538   332
249.295385   332
249.469231   332
249.643077   332
249.816923   332
249.990769   332
250.164615   332
250.338462   332
250.512308   332
250.686154   332
250.860000   332
251.033846   332
251.207692   332
251.381538   332
251.555385   332
251.729231   332
251.903077   332
252.076923   332
252.250769   332
252.424615   332
252.598462   332
252.772308   332
252.946154   332
253.120000   332
253.293846   332
253.467692   332
253.641538   332
253.815385   332
253.989231   332
254.163077   332
254.336923   332
254.510769   332
254.684615   332
254.858462   332
255.032308   332
255.206154   332
255.380000   332
255.553846   332
255.727692   332
255.901538   332
256.075385   332
256.249231   332
256.423077   332
256.596923   332
256.770769   332
256.944615   332
257.118462   332
257.292308   332
257.466154   332
257.640000   332
257.813846   332
257.987692   332
258.161538   332
258.335385   332
258.509231   332
258.683077   332
258.856923   332
259.030769   332
259.204615   332
259.378462   332
259.552308   332
259.726154   332
259.900000   332
260.073846   332
260.247692   332
260.421538   332
260.595385   332
260.769231   332
260.943077   332
261.116923   332
261.290769   332
261.464615   332
261.638462   332
261.812308   332
261.986154   332
262.160000   332
262.333846   332
262.507692   332
262.681538   332
262.855385   332
263.029231   332
263.203077   332
263.376923   332
263.550769   332
263.724615   332
263.898462   332
264.072308   332
264.246154   332
264.420000   332
264.593846   332
264.767692   332
264.941538   332
265.115385   332
265.289231   332
265.463077   332
265.636923   332
265.810769   332
265.984615   332
266.158462   332
266.332308   332
266.506154   332
266.680000   332
266.853846   332
267.027692   332
267.201538   332
267.375385   332
267.549231   332
267.723077   332
267.896923   332
268.070769   332
268.244615   332
268.418462   332
268.592308   332
268.766154   332
268.940000   332
269.113846   332
269.287692   332
269.461538   332
269.635385   332
269.809231   332
269.983077   332
270.156923   332
270.330769   332
270.504615   332
270.678462   332
270.852308   332
271.026154   332
271.200000   332
271.373846   332
271.547692   332
271.721538   332
271.895385   332
272.069231   332
272.243077   332
272.416923   332
272.590769   332
272.764615   332
272.938462   332
273.112308   332
273.286154   332
273.460000   332
273.633846   332
273.807692   332
273.981538   332
274.155385   332
274.329231   332
274.503077   332
274.676923   332
274.850769   332
275.024615   332
275.198462   332
275.372308   332
275.546154   332
275.720000   332
275.893846   332
276.067692   332
276.241538   332
276.415385   332
276.589231   332
276.763077   332
276.936923   332
277.110769   332
277.284615   332
277.458462   332
277.632308   332
277.806154   332
277.980000   332
278.153846   332
278.327692   332
278.501538   332
278.675385   332
278.849231   332
279.023077   332
279.196923   332
279.370769   332
279.544615   332
279.718462   332
279.892308   332
280.066154   332
280.240000   332
280.413846   332
280.587692   332
280.761538   332
280.935385   332
281.109231   332
281.283077   332
281.456923   332
281.630769   332
281.804615   332
281.978462   332
282.152308   332
282.326154   332
282.500000   332
282.673846   332
282.847692   332
283.021538   332
283.195385   332
283.369231   332
283.543077   332
283.716923   332
283.890769   332
284.064615   332
284.238462   332
284.412308   332
284.586154   332
284.760000   332
284.933846   332
285.107692   332
285.281538   332
285.455385   332
285.629231   332
285.803077   332
285.976923   332
286.150769   332
286.324615   332
286.498462   332
286.672308   332
286.846154   332
287.020000   332
287.193846   332
287.367692   332
287.541538   332
287.715385   332
287.889231   332
288.063077   332
288.236923   332
288.410769   332
288.584615   332
288.758462   332
288.932308   332
289.106154   332
289.280000   332
289.453846   332
289.627692   332
289.801538   332
289.975385   332
290.149231   332
290.323077   332
290.496923   332
290.670769   332
290.844615   332
291.018462   332
291.192308   332
291.366154   332
291.540000   332
291.713846   332
291.887692   332
292.061538   332
292.235385   332
292.409231   332
292.583077   332
292.756923   332
292.930769   332
293.104615   332
293.278462   332
293.452308   332
293.626154   332
293.800000   332
293.973846   332
294.147692   332
294.321538   332
294.495385   332
294.669231   332
294.843077   332
295.016923   332
295.190769   332
295.364615   332
295.538462   332
295.712308   332
295.886154   332
296.060000   332
296.233846   332
296.407692   332
296.581538   332
296.755385   332
296.929231   332
297.103077   332
297.276923   332
297.450769   332
297.624615   332
297.798462   332
297.972308   332
298.146154   332
298.320000   332
298.493846   332
298.667692   332
298.841538   332
299.015385   332
299.189231   332
299.363077   332
299.536923   332
299.710769   332
299.884615   332
300.058462   332
300.232308   332
300.406154   332
300.580000   332
300.753846   332
300.927692   332
301.101538   332
301.275385   332
301.449231   332
301.623077   332
301.796923   332
301.970769   332
302.144615   332
302.318462   332
302.492308   332
302.666154   332
302.840000   332
303.013846   332
303.187692   332
303.361538   332
303.535385   332
303.709231   332
303.883077   332
304.056923   332
304.230769   332
304.404615   332
304.578462   332
304.752308   332
304.926154   332
305.100000   332
305.273846   332
305.447692   332
305.621538   332
305.795385   332
305.969231   332
306.143077   332
306.316923   332
306.490769   332
306.664615   332
306.838462   332
307.012308   332
307.186154   332
307.360000   332
307.533846   332
307.707692   332
307.881538   332
308.055385   332
308.229231   332
308.403077   332
308.576923   332
308.750769   332
308.924615   332
309.098462   332
309.272308   332
309.446154   332
309.620000   332
309.793846   332
309.967692   332
310.141538   332
310.315385   332
310.489231   332
310.663077   332
310.836923   332
311.010769   332
311.184615   332
311.358462   332
311.532308   332
311.706154   332
311.880000   332
312.053846   332
312.227692   332
312.401538   332
312.575385   332
312.749231   332
312.923077   332
313.096923   332
313.270769   332
313.444615   332
313.618462   332
313.792308   332
313.966154   332
314.140000   332
314.313846   332
314.487692   332
314.661538   332
314.835385   332
315.009231   332
315.183077   332
315.356923   332
315.530769   332
315.704615   332
315.878462   332
316.052308   332
316.226154   332
316.400000   332
316.573846   332
316.747692   332
316.921538   332
317.095385   332
317.269231   332
317.443077   332
317.616923   332
317.790769   332
317.964615   332
318.138462   332
318.312308   332
318.486154   332
318.660000   332
318.833846   332
319.007692   332
319.181538   332
319.355385   332
319.529231   332
319.703077   332
319.876923   332
320.050769   332
320.224615   332
320.398462   332
320.572308   332
320.746154   332
320.920000   332
321.093846   332
321.267692   332
321.441538   332
321.615385   332
321.789231   332
321.963077   332
322.136923   332
322.310769   332
322.484615   332
322.658462   332
322.832308   332
323.006154   332
323.180000   332
323.353846   332
323.527692   332
323.701538   332
323.875385   332
324.049231   332
324.223077   332
324.396923   332
324.570769   332
324.744615   332
324.918462   332
325.092308   332
325.266154   332
325.440000   332
325.613846   332
325.787692   332
325.961538   332
326.135385   332
326.309231   332
326.483077   332
326.656923   332
326.830769   332
327.004615   332
327.178462   332
327.352308   332
327.526154   332
327.700000   332
327.873846   332
328.047692   332
328.221538   332
328.395385   332
328.569231   332
328.743077   332
328.916923   332
329.090769   332
329.264615   332
329.438462   332
329.612308   332
329.786154   332
329.960000   332
330.133846   332
330.307692   332
330.481538   332
330.655385   332
330.829231   332
331.003077   332
331.176923   332
331.350769   332
331.524615   332
331.698462   332
331.872308   332
332.046154   332
332.220000   332
332.393846   332
332.567692   332
332.741538   332
332.915385   332
333.089231   332
333.263077   332
333.436923   332
333.610769   332
333.784615   332
333.958462   332
334.132308   332
334.306154   332
334.480000   332
334.653846   332
334.827692   332
335.001538   332
335.175385   332
335.349231   332
335.523077   332
335.696923   332
335.870769   332
336.044615   332
336.218462   332
336.392308   332
336.566154   332
336.740000   332
336.913846   332
337.087692   332
337.261538   332
337.435385   332
337.609231   332
337.783077   332
337.956923   332
338.130769   332
338.304615   332
338.478462   332
338.652308   332
338.826154   332
339.000000   332
339.173846   332
339.347692   332
339.521538   332
339.695385   332
339.869231   332
340.043077   332
340.216923   332
340.390769   332
340.564615   332
340.738462   332
340.912308   332
341.086154   332
341.260000   332
341.433846   332
341.607692   332
341.781538   332
341.955385   332
342.129231   332
342.303077   332
342.476923   332
342.650769   332
342.824615   332
342.998462   332
343.172308   332
343.346154   332
343.520000   332
343.693846   332
343.867692   332
344.041538   332
344.215385   332
344.389231   332
344.563077   332
344.736923   332
344.910769   332
345.084615   332
345.258462   332
345.432308   332
345.606154   332
345.780000   332
345.953846   332
346.127692   332
346.301538   332
346.475385   332
346.649231   332
346.823077   332
346.996923   332
347.170769   332
347.344615   332
347.518462   332
347.692308   332
347.866154   332
348.040000   332
348.213846   332
348.387692   332
348.561538   332
348.735385   332
348.909231   332
349.083077   332
349.256923   332
349.430769   332
349.604615   332
349.778462   332
349.952308   332
350.126154   332
350.300000   332
350.473846   332
350.647692   332
350.821538   332
350.995385   332
351.169231   332
351.343077   332
351.516923   332
351.690769   332
351.864615   332
352.038462   332
352.212308   332
352.386154   332
352.560000   332
352.733846   332
352.907692   332
353.081538   332
353.255385   332
353.429231   332
353.603077   332
353.776923   332
353.950769   332
354.124615   332
354.298462   332
354.472308   332
354.646154   332
354.820000   332
354.993846   332
355.167692   332
355.341538   332
355.515385   332
355.689231   332
355.863077   332
356.036923   332
356.210769   332
356.384615   332
356.558462   332
356.732308   332
356.906154   332
357.080000   332
357.253846   332
357.427692   332
357.601538   332
357.775385   332
357.949231   332
358.123077   332
358.296923   332
358.470769   332
358.644615   332
358.818462   332
358.992308   332
359.166154   332
359.340000   332
359.513846   332
359.687692   332
359.861538   332
360.035385   332
360.209231   332
360.383077   332
360.556923   332
360.730769   332
360.904615   332
361.078462   332
361.252308   332
361.426154   332
361.600000   332
361.773846   332
361.947692   332
362.121538   332
362.295385   332
362.469231   332
362.643077   332
362.816923   332
362.990769   332
363.164615   332
363.338462   332
363.512308   332
363.686154   332
363.860000   332
364.033846   332
364.207692   332
364.381538   332
364.555385   332
364.729231   332
364.903077   332
365.076923   332
365.250769   332
365.424615   332
365.598462   332
365.772308   332
365.946154   332
366.120000   332
366.293846   332
366.467692   332
366.641538   332
366.815385   332
366.989231   332
367.163077   332
367.336923   332
367.510769   332
367.684615   332
367.858462   332
368.032308   332
368.206154   332
368.380000   332
368.553846   332
368.727692   332
368.901538   332
369.075385   332
369.249231   332
369.423077   332
369.596923   332
369.770769   332
369.944615   332
370.118462   332
370.292308   332
370.466154   332
370.640000   332
370.813846   332
370.987692   332
371.161538   332
371.335385   332
371.509231   332
371.683077   332
371.856923   332
372.030769   332
372.204615   332
372.378462   332
372.552308   332
372.726154   332
372.900000   332
373.073846   332
373.247692   332
373.421538   332
373.595385   332
373.769231   332
373.943077   332
374.116923   332
374.290769   332
374.464615   332
374.638462   332
374.812308   332
374.986154   332
375.160000   332
375.333846   332
375.507692   332
375.681538   332
375.855385   332
376.029231   332
376.203077   332
376.376923   332
376.550769   332
376.724615   332
376.898462   332
377.072308   332
377.246154   332
377.420000   332
377.593846   332
377.767692   332
377.941538   332
378.115385   332
378.289231   332
378.463077   332
378.636923   332
378.810769   332
378.984615   332
379.158462   332
379.332308   332
379.506154   332
379.680000   332
379.853846   332
380.027692   332
380.201538   332
380.375385   332
380.549231   332
380.723077   332
380.896923   332
381.070769   332
381.244615   332
381.418462   332
381.592308   332
381.766154   332
381.940000   332
382.113846   332
382.287692   332
382.461538   332
382.635385   332
382.809231   332
382.983077   332
383.156923   332
383.330769   332
383.504615   332
383.678462   332
383.852308   332
384.026154   332
384.200000   332
384.373846   332
384.547692   332
384.721538   332
384.895385   332
385.069231   332
385.243077   332
385.416923   332
385.590769   332
385.764615   332
385.938462   332
386.112308   332
386.286154   332
386.460000   332
386.633846   332
386.807692   332
386.981538   332
387.155385   332
387.329231   332
387.503077   332
387.676923   332
387.850769   332
388.024615   332
388.198462   332
388.372308   332
388.546154   332
388.720000   332
388.893846   332
389.067692   332
389.241538   332
389.415385   332
389.589231   332
389.763077   332
389.936923   332
390.110769   332
390.284615   332
390.458462   332
390.632308   332
390.806154   332
390.980000   332
391.153846   332
391.327692   332
391.501538   332
391.675385   332
391.849231   332
392.023077   332
392.196923   332
392.370769   332
392.544615   332
392.718462   332
392.892308   332
393.066154   332
393.240000   332
393.413846   332
393.587692   332
393.761538   332
393.935385   332
394.109231   332
394.283077   332
394.456923   332
394.630769   332
394.804615   332
394.978462   332
395.152308   332
395.326154   332
395.500000   332
395.673846   332
395.847692   332
396.021538   332
396.195385   332
396.369231   332
396.543077   332
396.716923   332
396.890769   332
397.064615   332
397.238462   332
397.412308   332
397.586154   332
397.760000   332
397.933846   332
398.107692   332
398.281538   332
398.455385   332
398.629231   332
398.803077   332
398.976923   332
399.150769   332
399.324615   332
399.498462   332
399.672308   332
399.846154   332
400.020000   332
400.193846   332
400.367692   332
400.541538   332
400.715385   332
400.889231   332
401.063077   332
401.236923   332
401.410769   332
401.584615   332
401.758462   332
401.932308   332
402.106154   332
402.280000   332
402.453846   332
402.627692   332
402.801538   332
402.975385   332
403.149231   332
403.323077   332
403.496923   332
403.670769   332
403.844615   332
404.018462   332
404.192308   332
404.366154   332
404.540000   332
404.713846   332
404.887692   332
405.061538   332
405.235385   332
405.409231   332
405.583077   332
405.756923   332
405.930769   332
406.104615   332
406.278462   332
406.452308   332
406.626154   332
406.800000   332
406.973846   332
407.147692   332
407.321538   332
407.495385   332
407.669231   332
407.843077   332
408.016923   332
408.190769   332
408.364615   332
408.538462   332
408.712308   332
408.886154   332
409.060000   332
409.233846   332
409.407692   332
409.581538   332
409.755385   332
409.929231   332
410.103077   332
410.276923   332
410.450769   332
410.624615   332
410.798462   332
410.972308   332
411.146154   332
411.320000   332
411.493846   332
411.667692   332
411.841538   332
412.015385   332
412.189231   332
412.363077   332
412.536923   332
412.710769   332
412.884615   332
413.058462   332
413.232308   332
413.406154   332
413.580000   332
413.753846   332
413.927692   332
414.101538   332
414.275385   332
414.449231   332
414.623077   332
414.796923   332
414.970769   332
415.144615   332
415.318462   332
415.492308   332
415.666154   332
415.840000   332
416.013846   332
416.187692   332
416.361538   332
416.535385   332
416.709231   332
416.883077   332
417.056923   332
417.230769   332
417.404615   332
417.578462   332
417.752308   332
417.926154   332
418.100000   332
418.273846   332
418.447692   332
418.621538   332
418.795385   332
418.969231   332
419.143077   332
419.316923   332
419.490769   332
419.664615   332
419.838462   332
420.012308   332
420.186154   332
420.360000   332
420.533846   332
420.707692   332
420.881538   332
421.055385   332
421.229231   332
421.403077   332
421.576923   332
421.750769   332
421.924615   332
422.098462   332
422.272308   332
422.446154   332
422.620000   332
422.793846   332
422.967692   332
423.141538   332
423.315385   332
423.489231   332
423.663077   332
423.836923   332
424.010769   332
424.184615   332
424.358462   332
424.532308   332
424.706154   332
424.880000   332
425.053846   332
425.227692   332
425.401538   332
425.575385   332
425.749231   332
425.923077   332
426.096923   332
426.270769   332
426.444615   332
426.618462   332
426.792308   332
426.966154   332
427.140000   332
427.313846   332
427.487692   332
427.661538   332
427.835385   332
428.009231   332
428.183077   332
428.356923   332
428.530769   332
428.704615   332
428.878462   332
429.052308   332
429.226154   332
429.400000   332
429.573846   332
429.747692   332
429.921538   332
430.095385   332
430.269231   332
430.443077   332
430.616923   332
430.790769   332
430.964615   332
431.138462   332
431.312308   332
431.486154   332
431.660000   332
431.833846   332
432.007692   332
432.181538   332
432.355385   332
432.529231   332
432.703077   332
432.876923   332
433.050769   332
433.224615   332
433.398462   332
433.572308   332
433.746154   332
433.920000   332
434.093846   332
434.267692   332
434.441538   332
434.615385   332
434.789231   332
434.963077   332
435.136923   332
435.310769   332
435.484615   332
435.658462   332
435.832308   332
436.006154   332
436.180000   332
436.353846   332
436.527692   332
436.701538   332
436.875385   332
437.049231   332
437.223077   332
437.396923   332
437.570769   332
437.744615   332
437.918462   332
438.092308   332
438.266154   332
438.440000   332
438.613846   332
438.787692   332
438.961538   332
439.135385   332
439.309231   332
439.483077   332
439.656923   332
439.830769   332
440.004615   332
440.178462   332
440.352308   332
440.526154   332
440.700000   332
440.873846   332
441.047692   332
441.221538   332
441.395385   332
441.569231   332
441.743077   332
441.916923   332
442.090769   332
442.264615   332
442.438462   332
442.612308   332
442.786154   332
442.960000   332
443.133846   332
443.307692   332
443.481538   332
443.655385   332
443.829231   332
444.003077   332
444.176923   332
444.350769   332
444.524615   332
444.698462   332
444.872308   332
445.046154   332
445.220000   332
445.393846   332
445.567692   332
445.741538   332
445.915385   332
446.089231   332
446.263077   332
446.436923   332
446.610769   332
446.784615   332
446.958462   332
447.132308   332
447.306154   332
447.480000   332
447.653846   332
447.827692   332
448.001538   332
448.175385   332
448.349231   332
448.523077   332
448.696923   332
448.870769   332
449.044615   332
449.218462   332
449.392308   332
449.566154   332
449.740000   332
449.913846   332
450.087692   332
450.261538   332
450.435385   332
450.609231   332
450.783077   332
450.956923   332
451.130769   332
451.304615   332
451.478462   332
451.652308   332
451.826154   332
452.000000   332
452.173846   332
452.347692   332
452.521538   332
452.695385   332
452.869231   332
453.043077   332
453.216923   332
453.390769   332
453.564615   332
453.738462   332
453.912308   332
454.086154   332
454.260000   332
454.433846   332
454.607692   332
454.781538   332
454.955385   332
455.129231   332
455.303077   332
455.476923   332
455.650769   332
455.824615   332
455.998462   332
456.172308   332
456.346154   332
456.520000   332
456.693846   332
456.867692   332
457.041538   332
457.215385   332
457.389231   332
457.563077   332
457.736923   332
457.910769   332
458.084615   332
458.258462   332
458.432308   332
458.606154   332
458.780000   332
458.953846   332
459.127692   332
459.301538   332
459.475385   332
459.649231   332
459.823077   332
459.996923   332
460.170769   332
460.344615   332
460.518462   332
460.692308   332
460.866154   332
461.040000   332
461.213846   332
461.387692   332
461.561538   332
461.735385   332
461.909231   332
462.083077   332
462.256923   332
462.430769   332
462.604615   332
462.778462   332
462.952308   332
463.126154   332
463.300000   332
463.473846   332
463.647692   332
463.821538   332
463.995385   332
464.169231   332
464.343077   332
464.516923   332
464.690769   332
464.864615   332
465.038462   332
465.212308   332
465.386154   332
465.560000   332
465.733846   332
465.907692   332
466.081538   332
466.255385   332
466.429231   332
466.603077   332
466.776923   332
466.950769   332
467.124615   332
467.298462   332
467.472308   332
467.646154   332
467.820000   332
467.993846   332
468.167692   332
468.341538   332
468.515385   332
468.689231   332
468.863077   332
469.036923   332
469.210769   332
469.384615   332
469.558462   332
469.732308   332
469.906154   332
470.080000   332
470.253846   332
470.427692   332
470.601538   332
470.775385   332
470.949231   332
471.123077   332
471.296923   332
471.470769   332
471.644615   332
471.818462   332
471.992308   332
472.166154   332
472.340000   332
472.513846   332
472.687692   332
472.861538   332
473.035385   332
473.209231   332
473.383077   332
473.556923   332
473.730769   332
473.904615   332
474.078462   332
474.252308   332
474.426154   332
474.600000   332
474.773846   332
474.947692   332
475.121538   332
475.295385   332
475.469231   332
475.643077   332
475.816923   332
475.990769   332
476.164615   332
476.338462   332
476.512308   332
476.686154   332
476.860000   332
477.033846   332
477.207692   332
477.381538   332
477.555385   332
477.729231   332
477.903077   332
478.076923   332
478.250769   332
478.424615   332
478.598462   332
478.772308   332
478.946154   332
479.120000   332
479.293846   332
479.467692   332
479.641538   332
479.815385   332
479.989231   332
480.163077   332
480.336923   332
480.510769   332
480.684615   332
480.858462   332
481.032308   332
481.206154   332
481.380000   332
481.553846   332
481.727692   332
481.901538   332
482.075385   332
482.249231   332
482.423077   332
482.596923   332
482.770769   332
482.944615   332
483.118462   332
483.292308   332
483.466154   332
483.640000   332
483.813846   332
483.987692   332
484.161538   332
484.335385   332
484.509231   332
484.683077   332
484.856923   332
485.030769   332
485.204615   332
485.378462   332
485.552308   332
485.726154   332
485.900000   332
486.073846   332
486.247692   332
486.421538   332
486.595385   332
486.769231   332
486.943077   332
487.116923   332
487.290769   332
487.464615   332
487.638462   332
487.812308   332
487.986154   332
488.160000   332
488.333846   332
488.507692   332
488.681538   332
488.855385   332
489.029231   332
489.203077   332
489.376923   332
489.550769   332
489.724615   332
489.898462   332
490.072308   332
490.246154   332
490.420000   332
490.593846   332
490.767692   332
490.941538   332
491.115385   332
491.289231   332
491.463077   332
491.636923   332
491.810769   332
491.984615   332
492.158462   332
492.332308   332
492.506154   332
492.680000   332
492.853846   332
493.027692   332
493.201538   332
493.375385   332
493.549231   332
493.723077   332
493.896923   332
494.070769   332
494.244615   332
494.418462   332
494.592308   332
494.766154   332
494.940000   332
495.113846   332
495.287692   332
495.461538   332
495.635385   332
495.809231   332
495.983077   332
496.156923   332
496.330769   332
496.504615   332
496.678462   332
496.852308   332
497.026154   332
497.200000   332
497.373846   332
497.547692   332
497.721538   332
497.895385   332
498.069231   332
498.243077   332
498.416923   332
498.590769   332
498.764615   332
498.938462   332
499.112308   332
499.286154   332
499.460000   332
499.633846   332
499.807692   332
499.981538   332
500.155385   332
500.329231   332
500.503077   332
500.676923   332
500.850769   332
501.024615   332
501.198462   332
501.372308   332
501.546154   332
501.720000   332
501.893846   332
502.067692   332
502.241538   332
502.415385   332
502.589231   332
502.763077   332
502.936923   332
503.110769   332
503.284615   332
503.458462   332
503.632308   332
503.806154   332
503.980000   332
504.153846   332
504.327692   332
504.501538   332
504.675385   332
504.849231   332
505.023077   332
505.196923   332
505.370769   332
505.544615   332
505.718462   332
505.892308   332
506.066154   332
506.240000   332
506.413846   332
506.587692   332
506.761538   332
506.935385   332
507.109231   332
507.283077   332
507.456923   332
507.630769   332
507.804615   332
507.978462   332
508.152308   332
508.326154   332
508.500000   332
508.673846   332
508.847692   332
509.021538   332
509.195385   332
509.369231   332
509.543077   332
509.716923   332
509.890769   332
510.064615   332
510.238462   332
510.412308   332
510.586154   332
510.760000   332
510.933846   332
511.107692   332
511.281538   332
511.455385   332
511.629231   332
511.803077   332
511.976923   332
512.150769   332
512.324615   332
512.498462   332
512.672308   332
512.846154   332
513.020000   332
513.193846   332
513.367692   332
513.541538   332
513.715385   332
513.889231   332
514.063077   332
514.236923   332
514.410769   332
514.584615   332
514.758462   332
514.932308   332
515.106154   332
515.280000   332
515.453846   332
515.627692   332
515.801538   332
515.975385   332
516.149231   332
516.323077   332
516.496923   332
516.670769   332
516.844615   332
517.018462   332
517.192308   332
517.366154   332
517.540000   332
517.713846   332
517.887692   332
518.061538   332
518.235385   332
518.409231   332
518.583077   332
518.756923   332
518.930769   332
519.104615   332
519.278462   332
519.452308   332
519.626154   332
519.800000   332
519.973846   332
520.147692   332
520.321538   332
520.495385   332
520.669231   332
520.843077   332
521.016923   332
521.190769   332
521.364615   332
521.538462   332
521.712308   332
521.886154   332
522.060000   332
522.233846   332
522.407692   332
522.581538   332
522.755385   332
522.929231   332
523.103077   332
523.276923   332
523.450769   332
523.624615   332
523.798462   332
523.972308   332
524.146154   332
524.320000   332
524.493846   332
524.667692   332
524.841538   332
525.015385   332
525.189231   332
525.363077   332
525.536923   332
525.710769   332
525.884615   332
526.058462   332
526.232308   332
526.406154   332
526.580000   332
526.753846   332
526.927692   332
527.101538   332
527.275385   332
527.449231   332
527.623077   332
527.796923   332
527.970769   332
528.144615   332
528.318462   332
528.492308   332
528.666154   332
528.840000   332
529.013846   332
529.187692   332
529.361538   332
529.535385   332
529.709231   332
529.883077   332
530.056923   332
530.230769   332
530.404615   332
530.578462   332
530.752308   332
530.926154   332
531.100000   332
531.273846   332
531.447692   332
531.621538   332
531.795385   332
531.969231   332
532.143077   332
532.316923   332
532.490769   332
532.664615   332
532.838462   332
533.012308   332
533.186154   332
533.360000   332
533.533846   332
533.707692   332
533.881538   332
534.055385   332
534.229231   332
534.403077   332
534.576923   332
534.750769   332
534.924615   332
535.098462   332
535.272308   332
535.446154   332
535.620000   332
535.793846   332
535.967692   332
536.141538   332
536.315385   332
536.489231   332
536.663077   332
536.836923   332
537.010769   332
537.184615   332
537.358462   332
537.532308   332
537.706154   332
537.880000   332
538.053846   332
538.227692   332
538.401538   332
538.575385   332
538.749231   332
538.923077   332
539.096923   332
539.270769   332
539.444615   332
539.618462   332
539.792308   332
539.966154   332
540.140000   332
540.313846   332
540.487692   332
540.661538   332
540.835385   332
541.009231   332
541.183077   332
541.356923   332
541.530769   332
541.704615   332
541.878462   332
542.052308   332
542.226154   332
542.400000   332
542.573846   332
542.747692   332
542.921538   332
543.095385   332
543.269231   332
543.443077   332
543.616923   332
543.790769   332
543.964615   332
544.138462   332
544.312308   332
544.486154   332
544.660000   332
544.833846   332
545.007692   332
545.181538   332
545.355385   332
545.529231   332
545.703077   332
545.876923   332
546.050769   332
546.224615   332
546.398462   332
546.572308   332
546.746154   332
546.920000   332
547.093846   332
547.267692   332
547.441538   332
547.615385   332
547.789231   332
547.963077   332
548.136923   332
548.310769   332
548.484615   332
548.658462   332
548.832308   332
549.006154   332
549.180000   332
549.353846   332
549.527692   332
549.701538   332
549.875385   332
550.049231   332
550.223077   332
550.396923   332
550.570769   332
550.744615   332
550.918462   332
551.092308   332
551.266154   332
551.440000   332
551.613846   332
551.787692   332
551.961538   332
552.135385   332
552.309231   332
552.483077   332
552.656923   332
552.830769   332
553.004615   332
553.178462   332
553.352308   332
553.526154   332
553.700000   332
553.873846   332
554.047692   332
554.221538   332
554.395385   332
554.569231   332
554.743077   332
554.916923   332
555.090769   332
555.264615   332
555.438462   332
555.612308   332
555.786154   332
555.960000   332
556.133846   332
556.307692   332
556.481538   332
556.655385   332
556.829231   332
557.003077   332
557.176923   332
557.350769   332
557.524615   332
557.698462   332
557.872308   332
558.046154   332
558.220000   332
558.393846   332
558.567692   332
558.741538   332
558.915385   332
559.089231   332
559.263077   332
559.436923   332
559.610769   332
559.784615   332
559.958462   332
560.132308   332
560.306154   332
560.480000   332
560.653846   332
560.827692   332
561.001538   332
561.175385   332
561.349231   332
561.523077   332
561.696923   332
561.870769   332
562.044615   332
562.218462   332
562.392308   332
562.566154   332
562.740000   332
562.913846   332
563.087692   332
563.261538   332
563.435385   332
563.609231   332
563.783077   332
563.956923   332
564.130769   332
564.304615   332
564.478462   332
564.652308   332
564.826154   332
565.000000   332
565.173846   332
565.347692   332
565.521538   332
565.695385   332
565.869231   332
566.043077   332
566.216923   332
566.390769   332
566.564615   332
566.738462   332
566.912308   332
567.086154   332
567.260000   332
567.433846   332
567.607692   332
567.781538   332
567.955385   332
568.129231   332
568.303077   332
568.476923   332
568.650769   332
568.824615   332
568.998462   332
569.172308   332
569.346154   332
569.520000   332
569.693846   332
569.867692   332
570.041538   332
570.215385   332
570.389231   332
570.563077   332
570.736923   332
570.910769   332
571.084615   332
571.258462   332
571.432308   332
571.606154   332
571.780000   332
571.953846   332
572.127692   332
572.301538   332
572.475385   332
572.649231   332
572.823077   332
572.996923   332
573.170769   332
573.344615   332
573.518462   332
573.692308   332
573.866154   332
574.040000   332
574.213846   332
574.387692   332
574.561538   332
574.735385   332
574.909231   332
575.083077   332
575.256923   332
575.430769   332
575.604615   332
575.778462   332
575.952308   332
576.126154   332
576.300000   332
576.473846   332
576.647692   332
576.821538   332
576.995385   332
577.169231   332
577.343077   332
577.516923   332
577.690769   332
577.864615   332
578.038462   332
578.212308   332
578.386154   332
578.560000   332
578.733846   332
578.907692   332
579.081538   332
579.255385   332
579.429231   332
579.603077   332
579.776923   332
579.950769   332
580.124615   332
580.298462   332
580.472308   332
580.646154   332
580.820000   332
580.993846   332
581.167692   332
581.341538   332
581.515385   332
581.689231   332
581.863077   332
582.036923   332
582.210769   332
582.384615   332
582.558462   332
582.732308   332
582.906154   332
583.080000   332
583.253846   332
583.427692   332
583.601538   332
583.775385   332
583.949231   332
584.123077   332
584.296923   332
584.470769   332
584.644615   332
584.818462   332
584.992308   332
585.166154   332
585.340000   332
585.513846   332
585.687692   332
585.861538   332
586.035385   332
586.209231   332
586.383077   332
586.556923   332
586.730769   332
586.904615   332
587.078462   332
587.252308   332
587.426154   332
587.600000   332
587.773846   332
587.947692   332
588.121538   332
588.295385   332
588.469231   332
588.643077   332
588.816923   332
588.990769   332
589.164615   332
589.338462   332
589.512308   332
589.686154   332
589.860000   332
590.033846   332
590.207692   332
590.381538   332
590.555385   332
590.729231   332
590.903077   332
591.076923   332
591.250769   332
591.424615   332
591.598462   332
591.772308   332
591.946154   332
592.120000   332
592.293846   332
592.467692   332
592.641538   332
592.815385   332
592.989231   332
593.163077   332
593.336923   332
593.510769   332
593.684615   332
593.858462   332
594.032308   332
594.206154   332
594.380000   332
594.553846   332
594.727692   332
594.901538   332
595.075385   332
595.249231   332
595.423077   332
595.596923   332
595.770769   332
595.944615   332
596.118462   332
596.292308   332
596.466154   332
596.640000   332
596.813846   332
596.987692   332
597.161538   332
597.335385   332
597.509231   332
597.683077   332
597.856923   332
598.030769   332
598.204615   332
598.378462   332
598.552308   332
598.726154   332
598.900000   332
599.073846   332
599.247692   332
599.421538   332
599.595385   332
599.769231   332
599.943077   332
600.116923   332
600.290769   332
600.464615   332
600.638462   332
600.812308   332
600.986154   332
601.160000   332
601.333846   332
601.507692   332
601.681538   332
601.855385   332
602.029231   332
602.203077   332
602.376923   332
602.550769   332
602.724615   332
602.898462   332
603.072308   332
603.246154   332
603.420000   332
603.593846   332
603.767692   332
603.941538   332
604.115385   332
604.289231   332
604.463077   332
604.636923   332
604.810769   332
604.984615   332
605.158462   332
605.332308   332
605.506154   332
605.680000   332
605.853846   332
606.027692   332
606.201538   332
606.375385   332
606.549231   332
606.723077   332
606.896923   332
607.070769   332
607.244615   332
607.418462   332
607.592308   332
607.766154   332
607.940000   332
608.113846   332
608.287692   332
608.461538   332
608.635385   332
608.809231   332
608.983077   332
609.156923   332
609.330769   332
609.504615   332
609.678462   332
609.852308   332
610.026154   332
610.200000   332
610.373846   332
610.547692   332
610.721538   332
610.895385   332
611.069231   332
611.243077   332
611.416923   332
611.590769   332
611.764615   332
611.938462   332
612.112308   332
612.286154   332
612.460000   332
612.633846   332
612.807692   332
612.981538   332
613.155385   332
613.329231   332
613.503077   332
613.676923   332
613.850769   332
614.024615   332
614.198462   332
614.372308   332
614.546154   332
614.720000   332
614.893846   332
615.067692   332
615.241538   332
615.415385   332
615.589231   332
615.763077   332
615.936923   332
616.110769   332
616.284615   332
616.458462   332
616.632308   332
616.806154   332
616.980000   332
617.153846   332
617.327692   332
617.501538   332
617.675385   332
617.849231   332
618.023077   332
618.196923   332
618.370769   332
618.544615   332
618.718462   332
618.892308   332
619.066154   332
619.240000   332
619.413846   332
619.587692   332
619.761538   332
619.935385   332
620.109231   332
620.283077   332
620.456923   332
620.630769   332
620.804615   332
620.978462   332
621.152308   332
621.326154   332
621.500000   332
621.673846   332
621.847692   332
622.021538   332
622.195385   332
622.369231   332
622.543077   332
622.716923   332
622.890769   332
623.064615   332
623.238462   332
623.412308   332
623.586154   332
623.760000   332
623.933846   332
624.107692   332
624.281538   332
624.455385   332
624.629231   332
624.803077   332
624.976923   332
625.150769   332
625.324615   332
625.498462   332
625.672308   332
625.846154   332
626.020000   332
626.193846   332
626.367692   332
626.541538   332
626.715385   332
626.889231   332
627.063077   332
627.236923   332
627.410769   332
627.584615   332
627.758462   332
627.932308   332
628.106154   332
628.280000   332
628.453846   332
628.627692   332
628.801538   332
628.975385   332
629.149231   332
629.323077   332
629.496923   332
629.670769   332
629.844615   332
630.018462   332
630.192308   332
630.366154   332
630.540000   332
630.713846   332
630.887692   332
631.061538   332
631.235385   332
631.409231   332
631.583077   332
631.756923   332
631.930769   332
632.104615   332
632.278462   332
632.452308   332
632.626154   332
632.800000   332
632.973846   332
633.147692   332
633.321538   332
633.495385   332
633.669231   332
633.843077   332
634.016923   332
634.190769   332
634.364615   332
634.538462   332
634.712308   332
634.886154   332
635.060000   332
635.233846   332
635.407692   332
635.581538   332
635.755385   332
635.929231   332
636.103077   332
636.276923   332
636.450769   332
636.624615   332
636.798462   332
636.972308   332
637.146154   332
637.320000   332
637.493846   332
637.667692   332
637.841538   332
638.015385   332
638.189231   332
638.363077   332
638.536923   332
638.710769   332
638.884615   332
639.058462   332
639.232308   332
639.406154   332
639.580000   332
639.753846   332
639.927692   332
640.101538   332
640.275385   332
640.449231   332
640.623077   332
640.796923   332
640.970769   332
641.144615   332
641.318462   332
641.492308   332
641.666154   332
641.840000   332
642.013846   332
642.187692   332
642.361538   332
642.535385   332
642.709231   332
642.883077   332
643.056923   332
643.230769   332
643.404615   332
643.578462   332
643.752308   332
643.926154   332
644.100000   332
644.273846   332
644.447692   332
644.621538   332
644.795385   332
644.969231   332
645.143077   332
645.316923   332
645.490769   332
645.664615   332
645.838462   332
646.012308   332
646.186154   332
646.360000   332
646.533846   332
646.707692   332
646.881538   332
647.055385   332
647.229231   332
647.403077   332
647.576923   332
647.750769   332
647.924615   332
648.098462   332
648.272308   332
648.446154   332
648.620000   332
648.793846   332
648.967692   332
649.141538   332
649.315385   332
649.489231   332
649.663077   332
649.836923   332
650.010769   332
650.184615   332
650.358462   332
650.532308   332
650.706154   332
650.880000   332
651.053846   332
651.227692   332
651.401538   332
651.575385   332
651.749231   332
651.923077   332
652.096923   332
652.270769   332
652.444615   332
652.618462   332
652.792308   332
652.966154   332
653.140000   332
653.313846   332
653.487692   332
653.661538   332
653.835385   332
654.009231   332
654.183077   332
654.356923   332
654.530769   332
654.704615   332
654.878462   332
655.052308   332
655.226154   332
655.400000   332
655.573846   332
655.747692   332
655.921538   332
656.095385   332
656.269231   332
656.443077   332
656.616923   332
656.790769   332
656.964615   332
657.138462   332
657.312308   332
657.486154   332
657.660000   332
657.833846   332
658.007692   332
658.181538   332
658.355385   332
658.529231   332
658.703077   332
658.876923   332
659.050769   332
659.224615   332
659.398462   332
659.572308   332
659.746154   332
659.920000   332
660.093846   332
660.267692   332
660.441538   332
660.615385   332
660.789231   332
660.963077   332
661.136923   332
661.310769   332
661.484615   332
661.658462   332
661.832308   332
662.006154   332
662.180000   332
662.353846   332
662.527692   332
662.701538   332
662.875385   332
663.049231   332
663.223077   332
663.396923   332
663.570769   332
663.744615   332
663.918462   332
664.092308   332
664.266154   332
664.440000   332
664.613846   332
664.787692   332
664.961538   332
665.135385   332
665.309231   332
665.483077   332
665.656923   332
665.830769   332
666.004615   332
666.178462   332
666.352308   332
666.526154   332
666.700000   332
666.873846   332
667.047692   332
667.221538   332
667.395385   332
667.569231   332
667.743077   332
667.916923   332
668.090769   332
668.264615   332
668.438462   332
668.612308   332
668.786154   332
668.960000   332
669.133846   332
669.307692   332
669.481538   332
669.655385   332
669.829231   332
670.003077   332
670.176923   332
670.350769   332
670.524615   332
670.698462   332
670.872308   332
671.046154   332
671.220000   332
671.393846   332
671.567692   332
671.741538   332
671.915385   332
672.089231   332
672.263077   332
672.436923   332
672.610769   332
672.784615   332
672.958462   332
673.132308   332
673.306154   332
673.480000   332
673.653846   332
673.827692   332
674.001538   332
674.175385   332
674.349231   332
674.523077   332
674.696923   332
674.870769   332
675.044615   332
675.218462   332
675.392308   332
675.566154   332
675.740000   332
675.913846   332
676.087692   332
676.261538   332
676.435385   332
676.609231   332
676.783077   332
676.956923   332
677.130769   332
677.304615   332
677.478462   332
677.652308   332
677.826154   332
678.000000   332
