4094.22
3759.22
4105.91
3915.43
4133.07
4498.91
4496.91
4419.9
4448.9
4449.22
4509.62
4420.9
4252.07
4223.07
4139.07
4203.07
4225.07
4257.22
4178.39
4140.07
4182.2
4141.07
4144.07
4253.9
4139.07
4224.07
4167.07
4054.07
4105.07
3973.07
4034.07
4069.07
3973.07
4096.07
4189.9
3976.07
3488.07
3510.07
3609.07
3490.07
3488.07
3596.07
3509.2
3497.07
3839.07
3572.07
3486.07
3493.07
3521.07
3486.07
3486.07
3492.07
3497.07
3495.07
3534.07
3602.22
3788
3487.07
3692.07
3487.07
3791.07
3486.07
3493.07
3613.07
3486.07
3500.07
3509.07
3957.07
3510.2
3486.07
3486.07
3512.07
3547.07
3629.39
3486.07
3498.07
3485.07
3701.07
3491.07
3510.07
3504.07
3816.07
3941.07
3556.07
3485.07
3688.07
3506.2
3515.2
3485.07
3485.07
3764.2
3530.07
3489.07
3497.07
3499.07
3551.07
3502.07
3485.07
4079.07
3485.07
3505.2
3485.07
3485.07
3631.62
3485.07
3485.07
3489.07
3488.07
3490.07
3486
3485.07
3539.2
3486.07
3481.07
3481.07
3497.07
3481.07
3589.07
3506.07
3481.07
3514.07
3517.07
3481.07
3511.07
3486.07
3535.07
3497.07
3498.07
3529.07
3482.07
3481.07
3481.07
3681.07
3553.39
3657.07
3613.07
3749.62
3929.07
3481.07
3577.07
3517.07
3517.2
3537.07
3490.07
3548.2
3481.07
3481.07
3481.07
3484.07
3527.07
3492.07
3495.07
3481.07
3510.07
3541.07
3649.07
3494.07
3613.07
3593.2
3492.07
3481.07
3657.07
3529.07
3597.62
3867.07
3504.07
3481.07
3499.07
3580
3481.07
3873.07
3645.2
3613.07
3481.07
3505.07
3557.07
3481.07
3481.07
3573.62
3538.07
3504.07
3481.07
3481.07
3481.07
3707.07
3481.07
3481.07
3488.07
3483.07
3481.07
3509.07
3482.07
3481.07
3482.07
3481.07
3481.07
3481.07
3559.07
3481.07
3930.07
3481.07
3481.07
3483.07
3593.07
3507.07
3481.07
3481.07
3481.07
3481.07
3509.07
3493.07
3481.07
3482.07
3646.22
3481.07
3511.07
3481.07
3761.07
3488.07
3489.07
3496.07
3489.07
3590.07
3578.07
3505.07
3625.07
3488.07
3537.07
3714.07
3496.07
3705.07
3493.07
3481.07
3577.07
3481.07
3529.07
3666.59
3693.2
3482.07
3640.07
3481.07
3614
3505.07
3481.07
3481.07
3552.62
3873.07
3490.07
3481.07
3673.07
3484.07
3672.07
3481.07
3486.07
3561.07
3481.07
3481.07
3481.07
3486.07
3492.07
3497.07
3481.07
3481.07
3481.07
3505.07
3569.39
3481.07
3705.07
3481.07
3491.07
3481.07
3489.07
3511.07
3481.07
3481.07
3481.07
3497.07
3486.07
3748.2
3481.07
3493.07
3595.22
3707.07
3481.07
3696.07
3481.07
3481.07
3509.07
3482.07
3517.07
3481.07
3481.07
3661.07
3475.07
3475.07
3527.2
3475.07
3531.07
3529.07
3627.2
3475.07
3485.07
3620.22
3635.99
3475.07
3643.39
3513.07
3512.07
3477.07
3611.07
3476.07
3510.07
3520.07
3583.07
3475.07
3478.07
3521.07
3475.07
3475.07
3475.07
3599.07
3475.07
3475.07
3509.07
3494.07
3475.07
3475.07
3475.07
3475.07
3475.07
3475.07
3477.07
3708.43
3475.07
3475.07
3511.07
3591.22
3482.07
3475.07
3475.07
3482.07
3600.22
3475.07
3475.07
3475.07
3475.07
3542.07
3499.07
3479.07
3493.07
3475.07
3718.07
3475.07
3475.07
3612.2
3610.07
3583.07
3502.07
3475.07
3475.07
3475.07
3487.07
3499.07
3491.07
3475.07
3475.07
3475.07
3556.07
3475.07
3475.07
3511.07
3475.07
3475.07
3529.07
3487.07
3558.07
3510.07
3491.07
3485.07
3507.07
3504.07
3475.07
3491.07
3475.07
3900.43
3475.07
3475.07
3820.07
3518.07
3475.07
3475.07
3475.07
3648.07
3475.07
3475.07
3475.07
3610.07
3475.07
3583.07
3718.07
4325.07
3475.07
3475.07
3635.07
3651.07
3475.07
3475.07
3475.07
3475.07
3571.07
3539.07
3475.07
3487.07
3475.07
3476.07
3545.07
4058.07
3475.07
3525.07
3660.59
3475.07
3514.07
3475.07
3559
3562.07
3475.07
3626.07
3532.2
3478.07
3491.07
3660.07
3494.07
3475.07
3516.07
3530.07
3524.07
3475.07
3475.07
3486.07
3475.07
3667.07
3514.07
3475.07
3475.07
3487.07
3667.07
3475.07
3533.07
3475.07
4139.07
3696.07
3638.07
3475.07
3475.07
3475.07
3475.07
3799.07
3610.07
3475.07
3475.07
3502.07
3589.07
3475.07
3475.07
3475.07
3478.07
3637.07
3475.07
3475.07
3503.07
3482.07
3475.07
3588.07
3475.07
3475.07
3555.07
3475.07
4020.07
3530.07
3499.07
3475.07
3475.07
3637.07
3670.07
3475.07
3691.07
3475.07
3523.07
3565.07
3604.07
3555.07
3491.07
3487.07
3607.07
3475.07
3583.07
3475.07
3721.07
3493.07
3475.07
3475.07
3475.07
3478.07
3511.07
3475.07
3736.07
3475.07
3499.07
3469
3479
3655
3469
3469
3514
3469
3469
3469
3469
3476
3549
3469
3469
3469
3469
3469
3469
3469
3597
3478
3549
3469
3469
3469
3469
3469
3469
3795
3517
3553
3481
3469
3549
3498
3469
3469
3933
3512
3471
3697
3470
3469
3477
3469
3469
3472
3469
3529
3469
3469
4049
3476
3469
3565
3471
3529
3498
3693
3469
3469
3632.59
3469
3469
3534
3469
3473
3556
3582.62
3646.99
3469
3469
3501
3587.39
3469
3760.59
3514
3585
3469
3469
3469
3730
3469
3470
3517
3569.07
3469
3477
3665.9
3991
3486
3476
3563
3469
3469
3469
3469
3469
3607
3469
3469
3517
3469
3469
3469
3469
3469
3469
3469
3470
3469
3486
3469
3753
3577
3493
3469
3483
3469
3469
3476
3508
3655.43
3493
3469
3469
3469
3483
3469
3790
3469
3551
3469
3470
3469
3498
3562
3469
3629
3471
3489
3469
3469
3505
3485
3469
3482
3469
3817
3809
3469
3527
3469
3469
3469
3469
3469
3469
3480
3469
3577
3469
3508
3469
3565.62
3469
3485
3481
3479
3469
3527
3527
3520
3469
3469
3469
3507
3493
4236.99
3485
3469
3469
3483
3525
3469
3469
3469
4026
3473
3495
3469
3483
3469
3472
3517
3471
3701
3505
3485
3493
3506.07
3686.59
3469
3482
3481
3521.07
3469
3481
3570.39
3599.22
3478
3469
3484
3482
3498
3479
3469
3904
3469
3514
3469
3493
3505
3470
3499
3469
3648.62
3730
3469
3549
3469
3517
3469
3797
3493
3469
3629
3645
3638
3493
3481
3556
3473
3481
3514
3476
3581
3469
3521.07
3527
3469
3514
3469
3469
3469
3547
3476
3469
3469
3469
3505
3522
3469
3493
3677
3525.07
3464
3485
3637.59
3464
3464
3613
3485
3576
3888
3625
3576
3469
3464
3642
3464
3464
3464
4080
3584
3546
3608
3464
3476
3464
3473
3484
3532.07
3475
3464
3464
3520
3465
3464
3464
3476
3480
3476
3794
3464
3464
3464
3474
3464
3496
3464
3464
3476
3464
3464
3464
3688
3464
3464
3564
3464
3464
3464
3464
3463
3469
3463
3463
3639
3624.2
3463
3463
3484
3463
3467
3467
3487
3491
3463
3463
3639
3463
3479
3499
3479
3463
3464
3472
3463
3463
3511
3463
3471
3535
3547
3463
3463
3464
3463
3463
3703
3463
3503
3463
3463
3564
3705
3463
3463
3463
3463
3479
3463
3570
3463
3463
3463
3463
3464
3463
3463
3475
4052
3463
3464
3463
3469
3463
3744
3463
3507
3473
3463
3940
3468
3499
3463
3466
3463
3464
3475
3469
3463
3651.39
3495
3995
3465
3463
3699.2
3463
3703
3463
3465
3463
3676.07
3463
3691
3463
3687
3463
3479
3463
3463
3603
3463
3523
3486
3464
3463
3463
3533
3465
3464
3467
3463
3487
3632
3479
3464
3463
3527
3463
3515.07
3463
3511
3473
3463
3463
3495
3463
3575
3703
3463
3463
3463
3463
3595.39
3463
3463
3631
3519
3583
3463
3535
3463
3559
3463
3486
3463
3487
3468
3595
3463
3475
3464
3495
3463
3535
3463
3463
3465
3463
3463
3475
3643.07
3535
3491
3682.43
3475
3463
3463
3463
4023
3470
3488
3464
3463
3463
3464
3495
3463
3771
3466
3464
3479
3463
3543
3464
3475
3476
3659
3463
3463
3496
3463
3552
3463
3463
3463
3463
3464
3473
3468
3463
3463
3463
3463
3463
3463
3463
3495
3463
3464
3479
3570
3463
3466
3469
3463
3464
3463
3463
3743
3463
3463
3463
3463
3475
3463
3492
3463
3463
3463
3463
4107
3463
3524
3542.07
3474
3463
3463
3463
3491
3607
3491
3639
3463
3463
3463
3463
3472
3547
3463
3603
3463
3484
3464
3468
3659
3463
3489
3463
3615
3463
3463
3463
3463
3492
3575
3586.39
3463
3486
3476
3463
3463
3491
3519
3463
3468
3463
3463
3463
3463
3902
3536
3463
3487
3501
3635
3463
3605
3467
3743
3463
3724
3463
3607
3479
3463
3473
3464
3463
3463
3631
3511
3942
3463
3464
3479
3463
3463
3491
3463
3463
3463
3475
3479
3463
3463
3463
3847
3688
3464
3463
3463
3463
3479
3463
3465
3467
3463
3466
3463
3463
3463
3463
3603
3464
3464
3492
3463
3472
3473
3463
3463
3482
3470
3479
3463
3463
3492
3463
3464
3475
3480
3520
3491
3559
3463
3463
3463
3463
3463
3464
3463
3579
3468
3463
3687
3463
3463
3463
3723
3464
3657.43
3607
3463
3468
3463
3464
3475
3478
3463
3463
3671
3463
3469
3655.39
3743
3607
3480
3643.07
3463
3463
3559
3463
3463
3463
3463
3480
3463
3463
3463
3463
3485
3469
3491
3463
3675.07
3463
3463
3480
3466
3463
3822
3559
3496
3478
3577
3463
3575
3463
3618
3463
3499.07
3463
3475
3523
3519.2
3568
3491
3547
3463
3463
3463
3463
3475
3639
4051
3771
3463
3466
3463
3582
3463
3547
3463
3741.43
3519
3519
3463
3463
3463
3659
3594
3463
3497.98
3487
3463
3523
3463
3464
3463
3463
3698.43
3729.43
3465
3463
3470
3463
3479
3463
3463
3463
3463
3463
3660.99
3463
3535
3491
3463
3480
3463
3463
3463
3799
3463
3463
3489.2
3799
3464
3995
3463
3463
3464
3799
3463
3511
3547
3463
3463
3559
3464
3472
3575
3463
3463
3535
3499
3535
3463
3463
3527
3526
3463
3486
3771
3687
3463
3491
3575.62
3511
3463
3469
3463
3463
3463
3463
3463
3463
3626
3463
3463
3463
3615
3464
3470
3463
3555.62
3463
3799
3502
3487
3475
3465
3463
3491
3463
3463
3464
3556
3591
3464
3463
3512
3474
3479
3469
3463
3463
3463
3463
3511
3464
3464
3463
3561
3463
3463
3465
3463
3463
3675
3480
3463
3470
3463
3591
3463
3463
3463
3463
3486
3463
3547
3463
3463
3463
3463
4144
3505
3473
3659
3466
3474
3687
3463
3463
3463
3473
3466
3463
3480
3535
3602
3464
3463
3581
3463
3500
3771
3483
3536
3464
3502.98
3492
3463
3463
3487
3463
3466
3488
3463
3507
3815
3463
3464
3463
3633
3463
3463
3486
3463
3463
3639
3547
3631
3576
3511
3463
3687
3470
3557
3464
3464
3531
3519
3463
3463
3603
3463
3463
3463
3463
3576
3995
3495
3571
3463
3515
3463
3947
3463
3594
3744
3463
3947
3544
3463
3535
3463
3463
3499
3560
3463
3485
3463
3463
3463
3464
3463
3463
3463
3463
3464
3463
3463
3554.2
3475
3463
3463
3463
3463
3576
3479
3623.62
3464
3463
3678
3463
3463
3463
3463
3463
3467
3528
3463
3463
3463
3463
3511
3463
3463
3465
3466
3463
3463
4107
3523
3463
3527
3463
3463
3464
3463
3463
3464
3463
3527
3463
3463
3463
3463
3463
3463
3463
3463
3463
3463
3547
3463
3463
3464
3463
3463
3463
3463
3463
3495
3463
3467
3463
3469
3475
3463
3463
3463
3911
3463
3497
3523
3463
3513
3463
3543
3463
3463
3559
3463
3464
3463
3463
3463
3463
3912
3463
3559
3463
3531
3519
3475
3519
3530
3463
3543
3463
3463
3463
3463
3491
3495
3463
3463
3463
3491
3471
3575
3463
3463
3474
3463
3575
3527
3575
3463
3463
3463
3463
3622
3547
3703
3500
3511
3463
3463
3463
3463
3883
3463
3465
3509
3463
3464
3463
3463
3463
3479
3463
3463
3519
3463
3463
3463
3479
3463
3463
3499
3463
3519
3464
3463
3559
3491
3463
3479
3519
3463
3463
3463
3463
3463
3463
3463
3463
3491
3463
3463
3463
3464
3463
3547
3468
3603
3463
3463
3463
3476
3463
3519.2
3475
3479
3463
3687
3523
3463
3463
3463
3463
3463
3463
3476
3463
3475
3479
3479
3520
3464
3520
3463
3463
3560
3463
3463
3463
3475
3463
3463
3463
3463
3466
3528
3463
3497
3499
3463
3463
3519.07
3470
3475
3463
3627.07
3491
3464
3463
3560
3463
3772
3464
3492
3463
3463
3491
3463
3463
3463
3479
3487
3466
3463
3463
3547
3463
3464
3548
3543
3534
3463
3463
3463
3463
3491
3463
3463
3467
3463
3463
3463
3503
3463
3639
3475
3687
3463
3607
3911
3463
3473
3532
3470
3463
3479
3463
3771
3464
3463
3463
3463
3463
3463
3463
3463
3463
3463
