530
872
728
936
766
453
580
468
468
442
443
461
442
427
645
502
410
402
493
405
494
432
642
420
404
403
524
402
403
426
402
406
493
410
402
403
402
537
401
415
527
408
426
401
428
401
416
416
401
611
432
617
401
449
401
402
569
401
401
401
406
468
441
475
461
434
402
446
402
415
630
402
407
403
438
403
598
401
403
401
473
408
598
517
402
451
462
433
553
400
400
504
404
445
550
401
422
401
413
391
379
384
485
446
379
371
389
375
376
446
396
379
371
446
380
371
384
369
375
375
600
370
381
374
369
373
502
369
369
372
376
644
371
512
389
393
385
374
369
369
377
370
369
370
369
499
369
553
367
366
369
371
416
375
463
366
594
431
368
367
367
373
497
416
523
366
392
370
366
381
566
371
458
367
522
380
393
369
366
470
405
374
456
370
569
512
376
376
467
485
542
526
395
386
476
366
366
368
367
366
392
417
367
366
375
566
422
368
366
433
366
372
366
446
368
389
373
378
422
447
366
370
522
511
404
365
367
370
382
375
642
391
354
354
360
365
354
362
420
605
364
392
354
478
354
354
386
413
361
354
354
354
459
379
355
354
393
359
393
353
522
353
364
353
691
353
355
353
357
365
354
353
366
352
355
352
352
352
376
353
376
355
365
362
356
357
352
352
376
358
376
521
352
352
352
352
364
352
443
596
360
372
430
355
356
366
425
369
360
372
352
366
353
352
353
365
352
445
355
376
352
378
352
354
560
489
389
447
353
376
352
352
813
352
494
379
352
379
364
544
352
360
365
354
616
489
366
357
352
390
352
352
355
352
404
398
520
353
544
352
393
352
534
352
365
352
456
418
365
360
352
352
378
353
355
399
352
354
417
391
352
352
424
352
400
352
352
402
400
352
352
365
352
520
450
481
459
418
400
391
356
444
352
352
482
380
352
352
352
352
381
352
424
354
352
387
380
367
358
431
352
378
360
404
400
437
364
355
430
443
367
352
408
352
352
389
391
519
547
356
380
495
357
352
352
425
402
352
352
352
352
352
352
367
378
354
391
391
352
352
419
434
359
355
353
365
371
354
364
522
352
378
413
376
739
352
369
360
352
384
352
360
352
376
497
352
711
352
352
352
357
526
352
352
616
364
353
497
352
568
353
496
448
353
508
535
404
790
354
521
352
469
352
425
353
352
424
378
382
424
376
876
368
352
495
406
377
391
352
352
353
365
352
377
376
352
353
352
353
353
463
352
377
499
794
376
378
354
415
352
537
360
378
496
352
352
534
495
390
378
352
352
353
352
450
352
352
359
376
357
365
353
352
426
352
352
352
783
376
379
352
391
352
454
353
481
353
425
501
499
411
352
352
501
359
415
352
475
387
352
365
352
443
430
365
352
354
352
352
365
355
354
352
363
454
352
352
354
352
352
352
352
357
430
352
353
352
417
352
443
384
472
352
352
352
359
366
352
352
940
378
356
384
353
376
353
353
478
383
352
378
391
354
445
408
365
376
352
444
352
356
352
456
352
357
352
352
378
352
352
352
352
378
405
377
469
417
356
540
352
370
352
352
448
352
395
509
501
352
400
352
362
425
352
373
472
353
352
400
352
354
573
485
352
456
355
352
352
424
383
438
832
530
352
352
499
352
352
352
356
412
473
352
398
365
365
365
352
352
352
357
352
352
352
472
369
494
353
391
352
552
365
352
352
352
360
378
352
354
365
352
352
364
352
383
354
352
352
474
352
417
495
365
365
407
356
369
359
353
352
534
430
352
352
352
352
352
352
365
353
495
352
362
352
379
352
396
355
391
366
409
352
586
368
355
355
352
429
352
360
653
352
352
352
384
372
352
352
477
352
404
357
508
430
378
352
400
394
444
358
355
508
391
354
391
352
457
446
352
352
497
352
444
368
397
378
352
358
362
568
430
352
352
546
408
352
352
365
352
365
492
352
393
432
352
360
379
352
627
352
352
484
544
354
353
353
366
401
521
352
391
353
353
352
352
352
356
364
352
381
356
352
355
400
352
443
592
352
352
352
366
456
406
360
352
352
404
360
352
352
497
496
443
362
352
430
352
395
365
394
352
365
353
379
509
365
353
455
640
355
352
352
352
356
376
521
376
552
352
352
353
352
352
352
352
365
352
442
352
352
359
535
352
352
358
391
378
365
407
352
378
353
352
354
352
352
406
377
352
365
584
352
352
494
352
359
360
640
352
352
355
352
352
352
383
354
354
363
365
352
362
352
430
400
353
352
365
357
352
404
363
353
354
365
353
454
376
353
356
352
370
352
366
385
352
476
404
352
355
623
352
352
404
353
430
352
419
367
352
417
352
352
367
352
572
352
382
392
352
352
365
361
353
352
352
354
368
352
355
352
359
352
363
352
352
370
352
354
417
352
353
352
382
352
352
357
352
352
355
398
481
352
365
495
352
443
405
353
352
430
356
547
353
352
388
352
352
359
534
352
357
352
383
376
365
353
353
356
404
712
352
640
352
352
364
352
378
352
617
352
365
392
400
429
400
354
353
352
357
353
365
354
352
378
508
354
357
352
352
432
352
379
360
363
352
352
449
352
362
354
361
378
352
361
352
515
352
418
352
352
352
352
352
365
352
353
361
366
352
355
430
445
379
353
368
358
353
352
424
366
366
352
352
352
361
365
352
365
352
360
358
376
353
521
422
443
384
364
352
352
352
365
352
353
362
352
356
352
430
364
469
352
376
352
448
352
379
352
360
352
475
881
391
352
352
352
391
391
443
353
642
433
370
468
393
378
571
521
352
352
352
352
352
352
448
352
417
357
586
361
352
540
382
352
361
352
378
354
363
358
370
352
376
453
357
524
355
352
370
353
443
391
352
353
352
404
353
537
529
353
353
355
352
352
352
352
352
455
352
383
353
352
472
354
353
400
353
358
352
352
365
352
373
352
360
354
352
521
608
357
355
356
382
352
356
568
352
352
352
496
376
430
352
352
360
352
405
365
393
363
352
352
352
473
353
430
352
356
352
352
378
352
352
352
391
352
495
404
352
353
544
360
352
367
352
358
353
365
551
352
352
640
521
430
415
469
355
407
612
352
424
352
664
409
354
352
353
352
363
736
352
352
365
360
352
354
391
362
434
360
378
392
419
360
410
431
352
352
361
378
352
365
356
391
407
483
352
352
356
352
385
372
391
352
352
362
356
575
352
482
352
352
353
602
358
352
521
353
378
352
352
601
365
593
465
400
352
496
352
400
352
352
442
561
377
495
378
365
352
360
353
356
352
431
352
352
352
352
352
547
352
352
360
352
352
359
352
352
391
376
352
367
761
352
352
352
445
352
352
355
471
355
377
352
361
362
376
437
361
379
352
352
352
352
424
520
404
401
379
452
352
424
472
362
376
352
356
366
376
353
355
352
352
352
352
354
352
352
