13789.1
13655.3
13840.6
14030.9
14635.9
14252
14296
13855.7
14159.8
13862.7
14064.7
13859.7
14268.5
13846.7
13648
14224.3
13696.4
13544.1
13563.3
13527.3
13527.3
13567
13507.3
13785.7
13861.9
13507.5
13781.4
13528.2
13806.9
13485.5
13489.5
13628.8
13437.5
13539.5
13445.6
13814.9
13508.7
13441
13141.7
13360.4
13305.8
13026.8
13505.5
13572.8
13225.3
13240.6
13140.7
13199.8
13523.8
13130
13045.3
13005.8
13081.4
13123
13002.2
13080.4
13117.4
12984.2
13162.2
13028.7
13124.1
13075.4
13021.2
12991.2
13361.2
13348.2
13148.5
13010.6
13025.2
13083.2
12984.6
13055.6
13072.2
13249.4
12986.6
13164.3
13048.9
13229.9
13383.5
12945.1
13149.4
13030.1
13318.7
13278.2
13326.5
12945.1
13427.2
13182.5
12906.5
12939.3
13087.5
13007.2
12868.9
12863.9
12987.7
12830.9
13163.9
12730.9
12810.9
12841.5
12713.8
12932.9
13004.6
12921.1
12674
12959.4
12828.6
12854.6
12856
12693.4
12937.1
13070.5
12719.4
12697.4
12811.2
12963.5
12771.9
12656.3
12893.6
12698.3
12669.3
12632.3
12657.3
12630.3
12846.7
12648.8
12630.3
12645.3
12915.4
12592.6
12490.6
12492.6
12449.1
12512.4
12841.1
12454.1
12735.6
12490.1
12579.4
12796.2
12448.1
12474.1
12437.1
12392.9
12416.2
12714.9
12576.2
12742.5
12537
12608.6
12349.7
12617.8
12452.9
12962.7
12400.7
12408.1
12412.8
12487.8
12547.3
12533
12556
12364.7
12482
12353.7
12773.6
12801.7
12629.7
12411.6
12575.4
12652.7
12632.5
12510.1
12746.7
12655.7
12369.7
12426
12660.4
12527.1
12359.7
12463.7
12637.7
12375
12326.7
12594.7
12421.7
12409
12345
12536.2
12326.7
12315.7
12378.8
12539.4
12285.1
12283.1
12490.3
12283.1
12316.1
12446.7
12819.1
12595.1
12610.4
12286.1
12289.1
12446.7
12303.1
12590.4
12337.1
12375.6
12287.1
12520.7
12716.6
12284.1
12401.4
12295.1
12496
12616
12332.9
12535.1
12509.1
12282.1
12416.1
12284.1
12546.4
12422
12358.3
12359.1
12284.1
12307.3
12293.1
12526.3
12399.5
12371
12282.1
12284.1
12302.1
12346.1
12282.1
12668
12312.1
12497.1
12553.2
12382.3
12282.1
12282.1
12282.1
12448.1
12436.6
12283.1
12417.1
12464.1
12281.1
12500.1
12567.6
12278.1
12525.1
12572.4
12373.1
12294.1
12640.3
12336.1
12610.1
12535.6
12707.6
13019.3
12613.4
12442.3
12298.1
12688.5
12343.7
12421.1
12506.1
12523.6
12543.2
12302.3
12503.1
12283.1
12416
12318.1
12298.1
12437.2
12412.1
12446.6
12464.6
12296.3
12279.1
12611.1
12656.1
12280.1
12294.1
12278.1
12308.7
12387.1
12275.1
12297.1
12337.5
12335.1
12962.3
12883.2
12323.7
12417.7
12461.9
12606.6
12275.1
12890.2
12648.1
12327.2
12277.1
12510.1
12358.3
12750.8
12275.1
12275.1
12711
12380.1
12412.1
12333.2
12463.2
12304.3
12526.1
12299.3
12520.4
12380.7
12402.7
12275.1
12275.1
12316.7
12491.1
12711.2
12281.1
12668.1
12282.1
12444.3
12697.7
12667.8
12426.7
12318.1
12294.3
12584.6
12830.3
12637.1
12323.1
12294.3
12320.1
12275.1
12296.1
12275.1
12390.1
12526
12445.7
12315.7
12402.1
12296.3
12326.1
12295.1
12401.1
12564.1
12480.1
12315.1
12340.1
12278.1
12774.1
12275.1
12506.1
12333.2
12487.7
12337.5
12320.3
12425.1
13392.3
12613.7
12368.1
12296.3
12413.2
13077.3
12283.1
12398.1
12811.6
12696.3
12443.3
12996.4
12275.1
12597.2
12592.5
12971.6
12581.6
12305.1
12390
12328.1
12414.1
12296.1
12393.3
12353.7
12256.1
12406.7
12328.1
12290.1
12438.1
12298.7
12283.9
12346
12415.5
12277.1
12256.1
12372.7
12256.1
12323.1
12637.1
12270.1
12376.1
12688.3
12328.1
12418.9
12256.1
12567.3
12464.3
12479.9
12573.1
12368.1
12785.1
12265.1
12256.1
12325.9
12301.1
12862.9
12554.1
12278.1
12606.1
12394.2
12256.1
12311.3
12258.1
12265.1
12318
12311.3
12577.7
12256.1
12416.1
12462.4
12248.1
12380.6
12485.1
12393.1
12248.1
12268.1
12248.1
12471.1
12457.1
12470.1
12704.6
12248.1
12248.1
12295.1
12249.1
12247.1
12246.1
12532.1
12330.1
12589.6
12643.5
12292.1
12253.1
12256.1
12363
12277.3
12409.1
12348.2
12276.3
12579.8
12618.1
12440.7
12253.1
12290.1
12467.5
12246.1
12423.6
12618.9
12433.1
12339.1
12246.1
12530.4
12745.9
12246.1
12346.1
12925.1
12246.1
12375.7
12570.1
12371.9
12410.1
12259.1
13155.4
12284.7
12497.9
12862.7
12324
12313.2
12285.1
12498
12439.1
12341.7
12262.1
12380.3
12305.6
12266.1
12297.2
12274.3
12244.2
12244.2
12538.2
12242.2
12256.2
12464.3
12318.3
12426.2
12297.1
12261.2
12248.2
12606.1
12649.8
12312.3
12236.2
12472.6
12296.2
12501.3
12430.7
12387.9
12235.2
12459.2
12272.8
12325.5
12502.6
12562.3
12526.2
12876.2
12388.2
12273.8
12289.4
12258.2
12237.2
12270.2
12477
12944.3
12257.2
12375
12230.2
12370.2
12327.5
12744.6
12231.2
12320.9
12226.2
12296.8
12992.4
12275.9
13007.4
12285.5
12288.2
12246.2
12429.9
12967.2
13153.2
12529.5
12305.1
13025.8
12394.4
12356.1
12484.5
12304.3
12674.2
12300.8
12284.2
12442.2
12232.2
12555.1
12227.2
12289.9
12226.2
12237.2
12457.2
12285.5
12554.1
12381.7
12625.2
12341.1
12349
12235.2
12311.6
12427.9
12410.2
12285
12256.3
12317.9
12734.2
12226.2
12599.2
12741.6
12319.2
12267.5
12226.2
12666
12247.2
12527.9
12691.6
12386.2
12604.5
12450.5
12225.2
12280.9
12376.2
12747.1
12535.8
12271.2
12284.2
12329.3
12310.2
12377.7
12225.2
12382.1
12588.4
12264.7
12681.3
12225.2
12254.5
12246.2
12442
12372.6
12225.2
12250.1
12865.2
12482.2
12249.2
12265.2
12332.5
12262.8
12284.2
12245.2
12225.2
12735.5
12243.2
12323.2
12243.5
12496.9
12337.8
12231.2
12417.2
12309.5
12347.3
12712.2
12263.8
12526.2
12365.2
12342.3
12225.2
12226.2
12250.2
12309.2
12494.2
12735.2
12389.5
12445.2
12706.8
12965.6
12226.2
13111.5
12275.9
12227.2
12248.1
12313.7
12306.8
12251.5
12270.9
12315.2
12287.2
12225.2
12288.2
12687.6
12552.8
12245.2
12243.2
12476.7
12225.2
12325.8
12401.3
12557.5
12270.2
12673.4
12409.2
12468.1
12496.2
12746
12381
12366.2
12269.5
12227.2
12344.8
12490.2
12663.5
12231.2
12325.7
12769.2
12381.7
12609.3
12278.2
12225.2
12284.7
12362.2
12424.8
12252.2
12637.1
12409.1
12421
12510.2
12403.3
12404.2
12229.2
12227.2
12226.2
12225.2
12225.2
12637.7
12246.5
12296.2
12330.2
12512.8
12226.2
12286.5
12381.6
12443.6
12344.2
12224.2
12243.9
12270.7
12288.2
12311.5
12495.2
12306
12482.2
12290.5
12561.8
12274.2
12500.2
12253.2
12251.5
12332.2
12308.2
12243.9
12336.3
12226.2
12250.5
12450.5
12249.9
12277.5
12708.5
12232.2
12466.8
12225.2
12570.5
12357.2
12618.2
12465.1
12423.7
12390.3
12313.2
12632.1
12270.2
12370.9
12380.7
12455.2
12341.1
12246.2
12269.2
12254.2
12262.8
12225.2
12250.2
12729.2
12409.4
12491.3
12344.2
12313.6
12267.2
12299.3
12224.2
12497.2
12463
12254.2
12477.7
12268.2
12295.3
12226.2
12272.8
12800.1
12692.6
12332.2
12353
12264.2
12243.5
12243.9
12245.2
12333.4
12283.6
12304.2
12673.4
12470.2
12513.5
12269.2
12282.8
12363.6
12243.5
12704.2
12231.2
12843.2
12641.5
12448.6
12229.2
12346.8
12224.2
12243.5
12304.6
12407.9
12320.9
12243.5
12367
12258.2
12226.2
12269.9
12392
12520.4
12574.8
12224.2
12247.1
12500.3
12420.3
12272.5
12227.2
12224.2
12227.2
12285.2
12256.2
12303.7
12248.1
12322.1
12426.2
12265.2
12236.2
12232.2
12449.8
12386.7
12230.2
12267.2
12741.5
12413.2
12237.2
12326.7
12225.2
12243.5
12362.9
12424.6
12476.2
12284.2
12677.8
12226.2
12224.2
12290.2
12290.1
12328.3
12380.2
12468.9
12407.3
12544.9
12283.2
12386.7
12414.8
12364.4
12763.1
12225.2
12256.2
12242.2
12329.2
12229.2
13161.3
12536.2
12243.5
12443.2
12286.2
12229.2
12283.7
12284.2
12427.5
12672.5
12613.3
12224.2
12334.4
12313.2
12348.1
12329.5
12344.2
12424.6
12862
12586.2
12292.7
12344.2
12303.8
12255.5
12382.7
12527.9
12407.2
12266.2
12224.2
12503.3
12245.2
12256.2
12486.6
12267.2
12483.5
12542.3
12317.1
12247.2
12407.5
12360.9
12359.5
12571.4
12352.2
12227.2
12441.1
12265.8
12537.9
12523.6
12684.2
12524.6
12404.2
12569.2
12391.7
12246.2
12245.2
12229.2
12237.2
12347.2
12318.2
12377.2
12625.2
12274.2
12263.7
12696.2
12413.9
12224.2
12353
12288.9
12232.2
12530.5
12311.9
12283.6
12243.9
12406.2
12244.2
12274.2
12266.2
12469
12266.2
12244.2
12226.2
12248.5
12233.2
12391.9
12468.4
12387.2
12331.3
12434.2
12503.7
12660.9
12391.3
12360.9
12603.7
12451.1
12224.2
12262.2
12285.2
12301.8
12260.2
12393.4
12321.8
12366.8
12445.1
12282.3
12331.5
12303.2
12267.2
12343.5
12367.4
12303.9
12587.8
12490.2
12257.2
12807.6
12291.2
12240.2
12407.2
12241.2
12678.2
12227.2
12271.2
12228.2
12252.2
12244.2
12306.5
12225.2
12304.2
12224.2
12467.7
12609.4
12224.2
12227.2
12224.2
12287.2
12389.8
12363.5
12291.2
12366.7
12226.2
12286.7
12226.2
12415.6
12297.1
12262.1
12515.1
12266.8
12526.5
12512.2
12266.2
12264.9
12440.6
12928.1
12544.6
12364.9
12275.9
12254.2
12328.3
12262.2
12413.2
12321.2
12224.2
12224.2
12252.1
12236.2
12236.2
12283.6
12348.6
12310.2
12728.4
12380.2
12316.5
12328.3
12224.2
12243.5
12225.2
12270.8
12908.9
12263.2
12929.5
12225.2
12286.9
12375.2
12531.2
12225.2
12321.4
12384.9
12645.3
12243.2
12252.2
12279.2
12224.2
12329.2
12224.2
12224.2
12360.2
12233.2
12394.8
12265.9
12329.2
12312.2
12260.2
12260.2
12321.4
12489.6
12424.9
12561.6
12247.2
12488.7
12260.2
12225.2
12283.7
12376.2
12361.3
12508.3
12226.2
12303.2
12447.7
12309.2
12284.2
12341.1
12500.8
12532.1
12562.8
12315.2
12343
12493.5
12608.9
12265.9
12729.6
12707.2
12317.9
12491.7
12316.5
12569.4
12349.7
12267.2
12290.2
12338.2
12298.8
12231.2
12385.2
12665
12402.8
12303.6
12263.8
12594.3
12227.2
12246.2
12250.2
12584.1
12354.2
12330.2
12224.2
12321.7
12285.7
12311.9
12293.2
12453.6
12542.7
12585.7
12224.2
12237.2
12604.2
12244.2
12673.1
12838.5
12264.2
12408.2
12224.2
12366.8
12531.9
12434.2
12267.5
12592.7
12350.8
12274.2
12560.2
12225.2
12642
12643.5
12237.2
12768.8
12366.4
12225.2
12274.2
12305.8
12243.9
12300.2
12276.7
12386.8
12332.2
12224.2
12510.3
12717.2
12479.9
12349.2
12543.2
12272.2
12234.2
12386.2
12512.2
12367.2
12681.2
12607.1
12224.2
12273.7
12260.2
12229.2
12234.2
12228.2
12641.2
12257.5
12827.2
12263.7
12243.2
12282.3
12380.6
12263.5
12250.2
12224.2
12225.2
12382.2
12233.2
12322.2
12231.2
12281.2
12455.3
12685.2
12233.2
12247.1
12262.8
12465.2
12458.4
12722.8
12225.2
12364.2
12639.5
12305.1
12288.2
12322.4
12260.2
12267.2
12460.1
12242.2
12308.6
12443.8
12243.5
12574.2
12231.2
12350.2
12284.2
12267.2
12224.2
12224.2
12402.6
12223.2
12223.2
12705.6
12317.2
12304.5
12265.2
12227.2
12243.5
12306.2
12267.7
12311.2
12243.2
12371.1
12224.2
12363.2
12320.5
12717.1
12223.2
12294.9
12362.4
12234.2
12878.2
12310.5
12806.9
12223.2
12243.2
12894.2
13128.1
12505.5
12302.1
13022.8
12371.8
12242.5
12458.2
12444.5
12339.2
12242.5
12307.2
12222.2
12233.2
12432.2
12281.5
12532.5
12441.6
12565.2
12337.1
12287.7
12423.9
12386.2
12281
12510.2
12830.9
12306.9
12398.5
12232.2
12249.2
12790.3
12430.7
12822.5
12386.2
12222.2
12300.3
12222.2
12283.9
12704.7
12453.1
12653.7
12423.2
12262.2
12493.1
12395.5
12222.2
12323.1
12316.6
12294.2
12288.2
12357.2
12438.6
12530.2
12303.9
12305.5
12302.9
12412.9
12222.2
12348
12243.2
12241.5
12319.2
12245.1
12243.5
12222.2
12251.2
12420.9
12605.3
12340.3
12521
12306.2
12243.2
12402.2
12228.2
12363.1
12804.2
12239.2
12621.6
12249.1
12654.4
12241.9
13010.6
12448.5
12234.2
12310.7
12305.8
12248.5
12265.9
12424.3
12379.2
12230.2
12315.2
12243.2
12364.9
12222.2
12330.2
12552.5
12264.2
12433.3
12622.2
12356.9
12341.4
12320.2
12222.2
12222.2
12342.2
12266.2
12357.2
12358.9
12588
12275.2
12268.8
12228.2
12380
12353.6
12421.9
12675.2
12531.2
12400.3
12237.2
12222.2
12326.4
12223.2
12251.5
12790.2
12243.5
12293.2
12221.2
12562.7
12468.6
12222.2
12240.5
12221.2
12463
12281.6
12318.4
12240.5
12395.2
12417.2
12389.7
12273.2
12221.2
12222.2
12222.2
12304.8
12440.3
12281.2
12303
12368.2
12431.2
12221.2
12682.2
12249.1
12327.2
12447.6
12295.2
12241.5
12302.2
12450.2
12439.3
12356.2
12683.2
12260.8
12273.5
12705.5
12229.2
12289.3
12547.2
12221.2
12616.2
12442.1
12420.7
12516
12309.2
12629.1
12267.2
12490.2
12270.2
12281.2
12242.5
12236.2
12496.2
12261.3
12221.2
12494.2
12278.3
12264.2
12222.2
12406.2
12367.9
12261.2
12241.2
12362.1
12262.2
12282.9
12221.2
12437.2
12292.6
12950.6
12263.2
12459
12251.2
12264.2
12265.2
12246.1
12257.2
12270.2
12269.8
12240.5
12327
12251.2
12602.7
12261.2
12241.2
12315.5
12388.5
12221.2
12221.2
12343.7
12221.2
12849.3
12540.2
12461.2
12243.2
12678.2
12681.5
12241.5
12279.8
12284.7
12414.2
12221.2
12408.8
12221.2
12225.2
12444.1
12377.7
12241.2
12474.2
12314.2
12257.2
12579.1
12327.5
12242.2
12284.3
12304.2
12300.2
12341.2
12259.8
12364
12255.2
12221.2
12299.9
12240.9
12389
12482.7
12552.3
12250.2
12228.2
12243.2
12477.3
12240.5
12221.2
12248.2
12221.2
12224.2
12222.2
12245.1
12313.7
12240.9
12262.2
12477.8
12231.2
12381.7
12223.2
12684.2
12568.9
12583.2
12351.2
12381.2
12223.2
12281.2
12663.9
12221.2
12301.2
12223.2
12260.8
12377.6
12220.2
12512.6
12258.8
12520.2
12220.2
12304.1
12354.2
12388.2
12279.2
12338.2
12223.2
12225.2
12319.6
12221.2
12252.2
12238.2
12225.2
13157.3
12510.2
12239.5
12438.2
12377.8
12222.2
12239.5
12222.2
12517
12225.2
12399.9
12602.3
12384.1
12331.8
12272.5
12220.2
12226.2
12432.3
12263.2
12220.2
12512
12220.2
12340.2
12263.2
12316.2
12262.1
12266.2
12220.2
12258.2
12620.2
12308.2
12297.8
12220.2
12284.2
12282.7
12313.1
12221.2
12247.2
12598.5
12380.3
12319.2
12293.2
12495.2
12278.1
12376.9
12805.2
12264.2
12220.2
12220.2
12402.3
12230.2
12226.2
12220.2
12712.1
12393.1
12465.2
12288.2
12325.2
12220.2
12423.5
12586.2
12260.8
12220.2
12538.6
12220.2
12690.5
12254.2
12481.6
12485.2
12224.2
12311.8
12496.9
12302.8
12224.2
12267.2
12242.5
12256.2
12220.2
12282.2
12699.4
12267.9
12229.2
12654.9
12356.9
12598.7
12696.5
12426.6
12222.2
12256.2
12389.4
12336.6
12340.6
12278.3
12698.5
12326.5
12298.2
12297.8
12339.5
12803.8
12446
12903.7
12303.5
12438.3
12519.2
12281.6
12321.3
12341.2
12303.2
12310.8
12239.5
12303.5
12251.1
12224.2
12304.8
12240.2
12241.2
12358.8
12406.7
12339.6
12364.3
12220.2
12595.2
12406.8
12230.2
12220.2
12718.1
12220.2
12220.2
12282.7
12262.2
12323.4
12472
12263.2
12571.2
12517.2
12291.2
12260.7
12553.2
12260.2
12225.2
12380.3
12409.2
12264.2
12220.2
12220.2
12744.9
12232.2
12232.2
12269.7
12406.2
12329.8
12324.3
12360
12247.1
12436.2
12933.5
12224.2
12618.3
12222.2
12601.7
12294.2
12398.7
12500.2
12239.5
12438.6
12220.2
12341.2
12224.2
12256.2
12220.2
12240.2
12233.2
12234.2
12282.2
12220.2
12430.2
12269.8
12523.9
12268.2
12365.2
13482
12429.7
12342.1
12538.5
12311.2
12255.5
12747.5
12379.5
12604.9
12261.9
12704.7
12703.2
12381.7
12851.8
12739.2
12241.2
12242.2
12634.9
12362.6
12267.2
12484.9
12687.2
12636.2
12260.2
12415.2
12264.9
12369.4
12421.5
12241.9
12220.2
12476.3
12377.2
12313.2
12264.2
12489.6
12460.6
12706.1
12294.9
12360.8
12223.2
12220.2
12343.5
12231.2
12697.2
12258.8
12264.2
12619.1
12260.2
12230.2
12220.2
12220.2
12232.2
12543.2
12220.2
12290.3
12228.2
12363.7
12220.2
12259.5
12222.2
12373.2
12472.6
12239.9
12296.2
12978.1
12409.3
12356.9
12279.5
12270.2
12262.2
12399.1
12418.4
12592.1
12241.2
12684.6
12286.2
12468.9
12378.7
12312.2
12308.2
12302.2
12223.2
12637.2
12804.5
12259.7
12607.1
12220.2
12278.3
12220.2
12532.2
12976.9
12456.6
12227.2
12265.8
12370.2
12298.2
12861.2
12778.9
12507.2
12436.1
12274.2
12263.2
12339.8
12258.8
12220.2
12340.9
12255.2
12301.1
12318.4
12256.2
12239.5
12416.2
12631
12266.8
12376.7
12220.2
12570.2
12220.2
12388.2
12292.2
12240.2
12240.5
12221.2
12326.2
12250.1
12274.2
12347.7
12474.5
12570.3
12260.5
12239.5
12229.2
12609.2
12240.2
12368.1
12220.2
12360.2
12281.5
12714.1
12220.2
12290.9
12402.6
12290.8
12965.9
12269.9
12977.4
12260.2
12231.2
12230.2
12857.6
12425.2
12231.2
12660.7
12453.5
12239.5
12226.2
12258.5
12267.5
12390.2
12263.2
12220.2
12341.2
12283.9
12220.2
12399.2
12430.2
12279.5
12529.5
12396.6
12563.2
12377.5
12283.2
12230.2
12285.7
12421.9
12384.2
12255.2
12279
12508.2
12828.9
12304.9
12420.5
12354.5
12230.2
12247.2
12788.3
12388.9
12821.5
12367.2
12220.2
12298.3
12220.2
12281.9
12281.2
12224.2
12356.2
12239.2
12325.8
12344.2
12223.2
12256.5
12266.2
12266.2
12221.2
12228.2
12220.2
12220.2
12220.2
12220.2
12446.2
12309.6
12221.2
12530.3
12227.2
12617.5
12774.1
12362.9
12227.2
12252.2
12221.2
12520.9
12220.2
12229.2
12220.2
12355.2
12220.2
12461.5
12289.6
12250.5
12291.9
12462.2
12323.2
12220.2
12355.2
12412.5
12355.2
12324.3
12260.3
12470.7
12220.2
12220.2
12221.2
12223.2
12283.2
12745
12700.1
12380.2
12263.2
12445.2
12868.6
12544.2
12745.5
12270.9
12221.2
12353.2
12303.8
12245.5
12265.9
12422.3
12378.2
12227.2
12313.2
12243.2
12361.9
12220.2
12337.1
12531.9
12240.2
12416.6
12406.2
12462.1
12361.2
12220.2
12220.2
12340.2
12522.8
12260.5
12220.2
12283.9
12220.2
12220.2
12284.7
12264.2
12332.6
12419.9
12380.2
12516.2
12241.2
12436.2
12259.7
12260.5
12249.5
12262.8
12228.2
12220.2
12557.8
12480.2
12450.7
12220.2
12220.2
12220.2
12446
12280.6
12317.4
12239.5
12227.2
12416.2
12387.7
12272.2
12260.5
12220.2
12377.7
12221.2
12221.2
12283.3
12286.1
12426.5
12220.2
12367.2
12430.2
12220.2
12557.8
12681.2
12248.1
12326.2
12446.6
12292.2
12240.5
12220.2
12424.1
12222.2
12274.2
12461.2
12222.2
12264.2
12272.5
12704.5
12288.3
12546.2
12220.2
12615.2
12441.1
12419.7
12495.3
12308.2
12628.1
12266.2
12347.1
12356.9
12347.5
12234.2
12260.2
12256.2
12263.2
12220.2
12220.2
12362.3
12419.1
12239.5
12566.8
12303.2
12355.2
12259.8
12439.2
12517.2
12532.7
12357.8
12260.2
12239.5
12237.2
12319.6
12553
12250.2
12458.8
12493.2
12270.2
12477.6
12370.2
12541.8
12354.2
12532.8
12313.5
12381.1
12226.2
12343.2
12499.2
12753.9
12220.2
12841.1
12799.6
12508.2
12658.2
12232.2
12553.9
12250.2
12283.2
12472.2
13003.2
12225.2
12451.2
12622.2
12387.2
12415.3
12416.5
12313.8
12585.5
12220.2
12239.5
12298.6
12383.4
12684.2
12454.5
12220.2
12380.3
12349.8
12915.9
12220.2
12358
12220.2
12356.9
12398.8
12348.2
12226.2
12377.2
12584.1
12261.2
12230.2
12380.2
12317.4
12240.2
12220.2
12336.2
12242.1
12220.2
12346.5
12705.6
12261.2
12476.8
12230.2
12360
12223.2
12265.2
12420.6
12258.8
12387.2
12232.2
12300.6
12221.2
12220.2
12267.9
12368.5
12614.2
12618.3
12652.9
12220.2
12220.2
12282.2
12539.5
12400.6
12677.2
12220.2
12247.5
12383.2
12305.9
12617.3
12323.4
12221.2
12344.5
12319.6
12220.2
12252.2
12224.2
12220.2
12229.2
12239.5
12438.2
12621
12222.2
12239.5
12236.2
12266.2
12247.5
12751.1
12220.2
12604.5
12701.1
12426
12425.2
12623.3
12769.5
12376.2
12279.8
12226.2
12239.2
12263.2
12220.2
12512
12340.2
12385.9
12319.9
12332.4
12367.2
12239.9
12220.2
12286.7
12220.2
12221.2
12602.2
12239.9
12220.2
12220.2
12220.2
12369.2
12291.5
12771.9
12251.1
12323.2
12226.2
12319.2
12283.2
12758.8
12365.6
12220.2
12406.8
12263.2
12220.2
12343.1
12303.2
12237.2
12294.8
12441.5
12377.2
12220.2
12260.2
12495.1
12286.1
12230.2
12226.2
12508.2
12220.2
12478.8
12220.2
12225.2
12301.8
12525.5
12770.9
12307.9
12279.6
12417.4
12424.1
12402.2
12240.2
12239.9
12270.2
12257.2
12420
12260.2
12236.2
12324.6
12243.5
12225.2
12382.9
12444.8
12425.2
12229.2
12632.2
12383.9
12586.1
12696.5
12406.7
12222.2
12256.2
12389.4
12331.6
12340.6
12278.3
12698.5
12327.5
12295.2
12350.7
12298.8
12339.5
12803.8
12446
12903.7
12624.2
12513.5
12323.6
12425.2
12232.2
12383.2
12232.2
12347.2
12244.5
12239.5
12284.2
12251.1
12224.2
12304.8
12240.2
12241.2
12358.8
12295.2
12334.4
12221.2
12756.2
12259.7
12508.2
12596.2
12284.2
12230.2
12230.2
12220.2
12269.8
12220.2
12220.2
12282.7
12222.2
12388.7
12472
12220.2
12571.2
12496.9
12291.2
12239.9
12532.9
12220.2
12455.2
12254.2
12224.2
12352
12448.7
12220.2
12231.2
12230.2
12220.2
12403.2
12280.3
12258.8
12377
12248.5
12453.2
12244.2
12325.8
12324.3
12360
12220.2
12267.2
12421.5
12329.2
12342.2
12220.2
12307.2
12350.2
12581.7
12589.1
12273.8
12318.2
12288.1
12309.6
12919.7
12658.2
12467.4
12220.2
12304.2
12220.2
12220.2
12297.7
12454.2
12229.2
12485.8
12325.2
12308.2
12256.2
12481.1
12330.2
12387.6
12279
12485.6
12420.9
12556.6
12592.2
12492.7
12241.1
12269.2
12245.5
12225.2
12284.2
12276.8
12310.2
12384.9
12704.7
12378.2
12525.2
12771.1
12821
12396.6
12484.1
13068.5
12631.1
12283.2
12330.2
12851.8
12738.2
12233.2
12240.2
12633.9
12236.2
12350.5
12485.2
12397.2
12403.1
12636.2
12618.7
12338.7
12239.5
12322.6
12223.2
12454.7
12238.2
12349.2
12516.5
12463.5
12638.6
12375.2
13188.1
12256.2
12258.8
12265.2
12619.1
12240.2
12220.2
12220.2
12363.8
12257.2
12714.5
12519.7
12283.2
12229.2
12255.2
12220.2
12220.2
12240.2
12223.2
12355.2
12328.2
12300.8
12235.2
12290.2
12248.2
12409.3
12223.2
12407.2
12579.2
12220.2
12396.1
12449.5
12371.2
12558.2
12227.2
12399.9
12281.3
12325.2
12677.2
12582.6
12220.2
12337.1
12220.2
12341.3
12224.2
12230.2
12224.2
12637.2
12799
12265.7
12607.1
12220.2
12278.3
12378.6
12259.5
12220.2
12220.2
12385.2
12231.2
12296.2
12226.2
12277.2
12261.9
12230.2
12243.1
12425.2
12263.2
12508.2
12638.7
12263.2
12233.2
12220.2
12345.2
12280.3
12224.2
12220.2
12324.2
12472.2
12240.2
12240.5
12221.2
12327.2
12251.1
12236.2
12728.8
12349.3
12319.7
12570.3
12260.5
12239.5
12232.2
12765.6
12240.2
12369.1
12221.2
12360.2
12281.5
12714.1
12221.2
12290.9
12401.6
12290.8
12965.9
12269.9
12941.4
12279.5
12256.2
12404.2
12893.2
12248.2
12283.5
12587.1
12302.6
12239.5
12226.2
12258.5
12267.5
12390.2
12263.2
12220.2
12341.2
12283.9
12220.2
12399.2
12430.2
12279.5
12529.5
12396.6
12563.2
12377.5
12275.5
12230.2
12285.7
12421.9
12384.2
12255.2
12279
12472.2
12828.9
12304.9
12420.5
12354.5
12220.2
12249.2
12231.2
12821.5
12346.2
12220.2
12298.3
12220.2
12260.9
12613.2
12356.2
12239.2
12306.5
12332.2
12223.2
12256.5
12265.2
12266.2
12221.2
12228.2
12220.2
12221.2
12260.2
12221.2
12409.5
12400.3
12498.1
12292.2
12261.2
12439.3
12410.8
12283.2
12280.2
12259.5
12333.9
12712.1
12223.2
12309.7
12681
12301.2
12558.2
12220.2
12249.2
12399.4
12603.3
12338.3
12519
12304.2
12238.2
12493.2
12400.2
12225.2
12361.1
12764.2
12229.2
12416.2
13070.5
12269.9
12444.2
12352.2
12302.8
12311.2
12422.3
12332.2
12280.2
12603.5
12385.4
12301.8
12474.5
12242.2
12362.9
12220.2
12337.1
12530.9
12393.2
12417.6
12406.2
12273.2
12473.1
12361.2
12220.2
12220.2
12340.2
12522.8
12260.5
12220.2
12282.9
12220.2
12702.1
12263.9
12264.2
12311.6
12419.9
12274.2
12670.4
12296.2
12220.2
12327.5
12234.2
12220.2
12260.7
12220.2
12306.2
12559.2
12429
12665.1
12240.9
12263.2
12220.2
12508.2
12727.5
12305.9
12572.3
12238.2
12323.2
12396.7
12320.1
12366.2
12254.5
12405.4
12236.2
12241.1
12491.2
12312.2
12318.8
12300.8
12364.2
12222.2
12309
12242.5
12402.6
12329.2
12292.5
12430.6
12220.2
12695
12548.1
12292.2
12282.5
12406.6
12368.7
12279.6
12243.1
12360.9
12585.2
12222.2
12260.2
12221.2
12249.2
12724.2
12632.6
12324.3
12399.2
12669.3
12280.6
12532.7
12357.8
12260.2
12239.5
12221.2
12356.6
12554
12250.2
12373.2
12223.2
12462.2
12271.2
12477.6
12370.2
12541.8
12566.6
12241.2
12408.8
12598.6
12241.2
12579.3
12553.9
12251.2
12283.2
12472.2
13003.2
12225.2
12451.2
12622.2
12387.2
12415.3
12455.2
12354.8
12585.5
12220.2
12239.5
12299.6
12383.4
12315.9
12239.5
12436.5
12362.6
12303.5
12288.9
12428.5
12239.9
12388
12460.7
12551.3
12657.7
12220.2
12225.2
12360.2
12279.5
12558.2
12304.2
12222.2
12220.2
12223.2
12222.2
12235.2
12302.7
12239.9
12261.2
12476.8
12230.2
12361
12223.2
12265.2
12307.3
12241.1
12572.8
12387.2
12231.2
12301.6
12252.2
12220.2
12415.2
12705.4
12220.2
12271.5
12443.3
12220.2
12220.2
12220.2
12282.2
12518.5
12400.6
12677.2
12220.2
12248.5
12383.2
12352.2
12617.3
12323.4
12221.2
12344.5
12319.6
12220.2
12252.2
12224.2
12220.2
12220.2
12229.2
12239.5
12403.2
12621
12223.2
12239.5
12236.2
12265.2
12247.5
12750.1
12220.2
12603.5
12220.2
12425
12439.7
12549.2
12769.5
12376.2
12259.8
12226.2
12239.2
12263.2
12220.2
12512
12269.7
12220.2
12262.2
12241.1
12481.8
12220.2
12225.2
12557.8
12308.2
12221.2
12482.6
12444.9
12263.2
12458.5
13044.2
12313.1
12221.2
12247.2
12537.6
12380.3
12298.2
12293.2
12495.2
12258.8
12357.1
12806.2
12598.1
12297.8
12230.2
12220.2
12339.8
12456.6
12586.2
12220.2
12225.2
12398.3
12261.2
12393.1
12462.2
12288.2
12238.2
12220.2
12423.5
12587.2
12220.2
12528.6
12220.2
12690.5
12254.2
12481.6
12485.2
12221.2
12292.3
12496.9
12301.8
12223.2
12264.2
12356.2
12544.6
12220.2
12297.8
12283.2
12696.4
12268.9
12481.2
12229.2
12530
12721.1
12233.2
12679.2
12696.5
12406.7
12240.2
12220.2
12241.1
12369.8
12330.6
12320.5
12278.3
12698.5
12308.2
12295.2
12329.9
12298.8
12339.5
12803.8
12446
12903.7
12624.2
12513.5
12323.6
12425.2
12232.2
12383.2
12232.2
12347.2
12299.6
12706.8
12239.5
12284.2
12251.1
12223.2
12304.8
12240.2
12241.2
12358.8
12295.2
12334.4
12221.2
12733.2
12259.7
12508.2
12596.2
12284.2
12230.2
12230.2
12220.2
12250.5
12240.2
12469.2
12240.9
12364.3
12220.2
12496.9
12291.2
12239.9
12532.9
12220.2
12404.2
12254.2
12224.2
12352
12448.7
12220.2
12231.2
12229.2
12220.2
12403.2
12280.3
12258.8
12377
12248.5
12453.2
12244.2
12325.8
12324.3
12339.8
12619
12247.1
12400.2
12266.5
12308.2
12350.2
12581.7
12317.4
12361.1
12621.8
12456.2
12239.5
12393.3
12220.2
12288.2
12220.2
12220.2
12431.1
12229.2
12389.8
12241.1
12325.2
12247.5
12261.9
12256.2
12481.1
12594.8
12266.2
12569.9
12261.9
12270.2
12246.9
12222.2
12818.7
12328.2
12220.2
12257.2
12571.2
12317.8
12265.2
12256.2
12246.2
13310.5
12317.4
12496.8
12481.1
12538.5
12311.2
12579.1
12427.3
12348.3
12261.9
12705.7
12875.5
12683.5
12627.7
12273.2
12340.2
12464.2
12280.2
12283.2
12400.2
12242.5
12249.1
12427.3
12619.7
12338.7
12239.5
12223.2
12244.2
12631.4
12229.2
12510.1
12243.2
12638.6
12343.5
12230.2
12698.2
12314
12822.5
12239.2
12283.5
12240.2
12220.2
12220.2
12363.8
12694.6
12344.2
12270.2
12304.2
12221.2
12638
12220.2
12366.8
12232.2
12686.3
12223.2
12220.2
12725.1
12386.3
12328.2
12452.5
12239.9
12296.2
12979.1
12310.8
12328.2
12220.2
12465.3
12713.2
12466
12236.2
12503.9
12267.2
12230.2
12382.2
12249.2
12508.2
12327.2
12677.2
12561.7
12220.2
12317.4
12220.2
12321.4
12224.2
12230.2
12224.2
12780.9
12265.7
12527.8
12239.5
12221.2
12243.2
12220.2
12860.6
12361.2
12227.2
12387.2
12231.2
12296.2
12226.2
12241.2
12241.1
12231.2
12243.1
12376.2
12258.8
12220.2
12638.7
12338.9
12255.2
12301.1
12669.9
12225.2
12626.5
12404.1
12224.2
12260.2
12237.2
12328.2
12411.2
12679.2
12620.2
12231.2
12475.2
12242.1
12220.2
12318.4
12361.5
12523.9
12559.7
12222.2
12323.8
12253.2
12260.2
12383.5
12263.2
12225.2
12222.2
12220.2
12244.2
12261.1
12288.2
12378.2
12280.2
12461.2
12299.6
12423.5
12239.5
13338.1
12467.4
12422.4
12616.2
12767.2
12278.6
12374.2
12276.2
12292.5
12267.5
12390.2
12263.2
12220.2
12342.2
12264.2
12220.2
12399.2
12430.2
12279.5
12509.1
12396.6
12563.2
12377.5
12275.5
12230.2
12285.7
12421.9
12384.2
12279
12472.2
12828.9
12303.9
12420.5
12354.5
12221.2
12249.2
12380.1
12220.2
12245.5
12260.2
12278.8
12260.9
12260.2
12223.2
12356.2
12237.2
12306.5
12525.2
12224.2
12277.2
12455.2
12371.7
12220.2
12337.1
12268.9
12220.2
12369.6
12530.2
12643.7
12555.1
12220.2
12677.3
12227.2
12575.9
12733.1
12361.9
12227.2
12251.2
12221.2
12498.8
12220.2
12229.2
12220.2
12355.2
12317.2
12444.1
12299.9
12321.2
12263.2
12220.2
12355.2
12396.1
12308.2
12259.2
12534.3
12316.2
12220.2
12221.2
12222.2
12283.2
12743
12220.2
12339.7
12402.2
12701.8
12760.5
12286.1
12220.2
12501.7
12220.2
12262.2
12245.2
12516.2
12227.2
12274.2
12478.8
12226.2
12306.3
12254.5
12438.2
12509.6
12322.7
12596.7
12680.8
12231.2
12431.2
12357.3
12620.2
12339.4
12273.2
12280.2
12419.7
12818.1
12220.2
12320.8
12436.3
12365.8
12262.2
12240.2
12399.5
12352.4
12782.5
12675.4
12248.2
12558.8
12854.2
12327.5
12240.2
12220.2
12260.7
12220.2
12466.6
12221.2
12281.2
12376.6
12418.5
12329.2
12231.2
12220.2
12220.2
12220.2
12426.5
12220.2
12367.2
12220.2
12327.9
12405.4
12237.2
12241.1
12470.2
12276.2
12319.8
12300.8
12364.2
12223.2
12310
12282.2
12378.7
12493.2
12407.2
12442.1
12430.6
12220.2
12380.2
12519.2
12230.2
12221.2
12545.5
12433.5
12303.9
12240.2
12537.5
12260.2
12221.2
12220.2
12773.8
12396
12399.4
12239.9
12244.2
12396.2
13001
12360.2
12591.2
12320.2
12493.2
12780.6
12400.2
12457.7
12220.2
12220.2
12252.2
12269.2
12268.8
12443.2
12273.1
12325
12240.2
12601.7
12260.2
12240.2
12314.5
12390.5
12220.2
12402.6
12681.2
12383.6
12241.2
12673
12580.3
12553.9
12499.6
12283.2
12244.5
12472.2
13004.2
12225.2
12451.2
12622.2
12480.3
12222.2
12221.2
12221.2
12472.2
12637.9
12263.8
12300.2
12765.5
12358.2
12270.7
12241.2
12220.2
12436.6
12473.5
12478.3
12261.1
12288.9
12239.9
12388
12460.7
12551.3
12657.7
12220.2
12226.2
12360.2
12279.5
12224.2
12222.2
12220.2
12223.2
12221.2
12244.1
12302.7
12263.9
12239.9
12406.7
12261.2
12476.8
12230.2
12465.2
12305.2
12420.6
12549.8
12387.2
12232.2
12347.1
12220.2
12413.2
12705.4
12220.2
12271.5
12443.3
12221.2
12220.2
12220.2
12262.2
12518.5
12380.3
12582
12220.2
12247.5
12383.2
12305.9
12617.3
12323.4
12221.2
12344.5
12319.6
12220.2
12268.9
13013.8
12244.1
12220.2
12432.8
12795.7
12399
12230.2
12220.2
12261.2
12365
12253.2
12256.2
12299.3
12477.2
12365.2
12312.2
12427.5
12556.7
12290.2
12282.2
12541.9
12574.5
12388.2
12732.6
12220.2
12521.2
12260.3
12220.2
12320.2
12363.2
13209.6
12580.2
12281.9
12263.9
12320.9
12220.2
12338.4
12346.2
12239.9
12263.2
12220.2
12288.7
12222.2
12221.2
12602.2
12239.9
12220.2
12369.2
12290.5
12685.2
12318.8
12233.2
12223.2
12864.9
12344.1
12220.2
12406.8
12258.8
12285.7
12220.2
12343.1
12303.2
12237.2
12294.8
12441.5
12357.7
12220.2
12260.2
12495.1
12286.1
12230.2
12228.2
12508.2
12220.2
12528.6
12270.2
12849.1
12286.7
12446.3
12308.2
12713.3
12496.9
12300.8
12222.2
12266.2
12243.5
12255.2
12220.2
12283.2
12697.4
12268.9
12920
12229.2
12612.3
12721.1
12237.2
12679.2
12696.5
12406.7
12240.2
12220.2
12241.1
12369.8
12332.6
12320.5
12258.8
12292.1
12406.8
12297.2
12279.5
12320.2
12481.3
12446
12903.7
12220.2
12464.2
12783.6
12265.2
12226.2
12302.2
12309.8
12299.6
12686.5
12239.5
12263.5
12283.2
12304.8
12240.2
12240.2
12358.8
12383.9
12299.6
12343.4
12259.7
12508.2
12596.2
12283.2
12230.2
12230.2
12235.2
12361.4
12241.2
12376.7
12554.9
12367.5
12239.5
12220.2
12282.7
12241.2
12239.9
12275.1
12428
12220.2
12350.6
12496.9
12290.2
12239.9
12532.9
12240.2
12225.2
12380.3
12388.2
12264.2
12220.2
12220.2
12744.9
12379.3
12232.2
12220.2
12535.5
12561.4
12585.2
12260.2
12376.2
12303.5
12220.2
12220.2
12586.2
12258.8
12396
12660.7
12464.8
12394.3
12327.4
12658.3
12279.3
12320.2
12249.2
12240.2
12397.6
12234.2
12367.8
12460.2
12243.5
12345
12220.2
12220.2
12417.5
12220.2
12314.2
12382.9
12651.5
12525.9
12256.2
12220.2
12240.2
12232.2
12337.2
12342.6
12282.2
12226.2
12220.2
12431.2
12268.8
12503.3
12267.2
12364.2
13456
12386.6
12266.2
12537.5
12311.2
12255.5
12747.5
12361.2
12603.9
12261.9
12705.7
12855.6
12683.5
12293.6
12274.2
12501.8
12292.2
12301.8
12400.2
12557.2
12220.2
12222.2
12321.3
12300.2
12336.7
12255.2
12234.2
12637.8
12231.2
12368.4
12421.5
12241.9
12220.2
12220.2
12337.7
12310.2
12223.2
12469.6
12461.6
12702.1
12224.2
12220.2
12765.7
12393.5
12381.1
12329.7
12245.9
12358.1
12282.1
12263.2
12220.2
12363.8
12220.2
12242.2
12391.2
12406.6
12499.8
12283.2
12319.7
12383.7
12220.2
12220.2
12220.2
12223.2
12345.8
12544.9
12453.5
12239.9
12296.2
12978.1
12409.3
12337.1
12279.5
12270.2
12261.2
12357
12765.1
12221.2
12376.7
12423.2
12408.2
12301.2
12507.3
12220.2
12261.2
12223.2
12496.9
12340.1
12220.2
12386.7
12222.2
12264.2
12544.2
12271.2
12220.2
13147.6
12239.5
12472.1
12228.2
12277.1
12370.2
12241.2
12240.9
12461.1
12390.2
12261.8
12282.5
12256.2
12464.2
12230.2
12220.2
12502.8
12225.2
12545.9
12230.2
12471.2
12644.3
12220.2
12438.8
12220.2
12570.2
12220.2
12251.2
12231.2
12475.2
12242.1
12318.4
12314.2
12447.2
12242.2
12601.7
12260.9
12240.2
12443.2
12551.2
12267.2
12240.2
12383.5
12241.1
12325.2
12242.5
12224.2
12239.9
12225.2
12261.1
12289.2
12378.2
12280.2
12820.1
12220.2
12245.5
12634.2
12685.2
12348.2
12596.5
12442.2
12282.7
12240.5
12278.8
12634.2
12257.2
12220.2
12367.2
12462.1
12278.3
12229.2
12292.8
12269.2
12220.2
12511.7
12261.9
12229.2
12587.6
12385.2
12374.2
12314.2
12446.2
12518.2
12258.8
12269.9
12324.3
12220.2
12553.7
12297.8
12282.2
12249.2
12358.1
12220.2
12245.5
12260.2
12278.8
12260.9
12667.7
12306.9
12369.1
12301.8
12560.6
12235.2
12368.3
12224.2
12576.8
12555.1
12220.2
12678.3
12226.2
12575.9
12733.1
12361.9
12277.2
12303.5
12281.2
12411.9
12220.2
12345
12241.2
12229.2
12280.2
12243.1
12242.5
12245.2
12686.8
12256.2
12220.2
12220.2
12286.2
12529.9
12239.5
12705.7
12220.2
12223.2
12283.2
12741
12220.2
12339.7
12401.2
12700.8
12449.9
12220.2
12743.5
12268.9
12444.2
12352.2
12298.8
12245.5
12263.9
12422.3
12336.7
12603.5
12385.4
12301.8
12474.5
12240.2
12298
12228.2
12549.1
12220.2
12487.2
12317.1
12230.2
12975.9
12496.6
12306.9
12313.2
12300.2
12747.1
12265.2
12651.9
12360.2
12580.1
12419.9
12436.6
12416.2
12794.2
12235.2
12475
12278.3
12840
12477.7
12256.2
12351.4
12258.8
12394.2
13466.6
12283.1
12495.7
12247.9
12261.9
12220.2
12302
12468.7
12220.2
12264.2
12240.2
12270.2
12343.5
12256.2
12239.9
12506.2
12220.2
12281.2
12376.6
12417.5
12292.2
12314.6
12266.2
12220.2
12220.2
12283.2
12491.2
12366.2
12221.2
12326.9
12405.4
12235.2
12241.1
12470.2
12276.2
12318.8
12300.8
12461
12239.5
12309
12322.2
12234.2
12403.2
12442.1
12430.6
12220.2
12694
12570
12568.2
12231.2
12220.2
12433.5
12303.9
12240.2
12220.2
12220.2
12493.2
12220.2
12235.2
12220.2
12385.2
12692.2
12220.2
12260.2
12381.6
12332.5
12241.2
12266.2
12220.2
12220.2
12290.6
12277.8
12756.3
12514.3
12250.2
12422.8
12492.2
12943.1
12458.1
12231.2
12400.2
12385.9
12313.5
12389.5
12220.2
12634
12220.2
12224.2
12220.2
12420.2
12828.2
12221.2
12580.3
12553.9
12232.2
12289.3
12340.8
12277.5
12472.2
13004.2
12225.2
12451.2
12622.2
12387.2
12415.3
12396.6
12295.5
12565.6
12220.2
12239.5
12300.6
12383.4
12684.2
12439.5
12220.2
12340.8
12611.9
12441.9
12280.2
12388
12460.7
12551.3
12616.5
12220.2
12226.2
12658.3
12279.5
12222.2
12224.2
12220.2
12249.2
12220.2
12224.2
12221.2
12244.1
12235.2
12302.7
12239.9
12406.7
12261.2
12224.2
12230.2
12362
12224.2
12255.2
12307.3
12241.1
12560.8
12387.2
12232.2
12301.6
12232.2
12324.3
12220.2
12415.2
12705.4
12220.2
12271.5
12443.3
12221.2
12220.2
12220.2
12262.2
12517.5
12452.8
12279.7
12220.2
12248.5
12383.2
12352.2
12323.4
12221.2
12412.2
12226.2
12302.7
12258.7
12260.2
12748.9
12317.4
12605.1
12225.2
12245.5
12235.2
12239.5
12403.2
12319.6
12621
12223.2
12239.5
12236.2
12265.2
12247.5
12751.1
12221.2
12603.5
12220.2
12408.2
12425.2
12623.3
12744.5
12861.8
12260.8
12226.2
12328.8
12432.3
12263.2
12231.2
12446.2
13076.4
12276.2
12262.2
12263.2
12316.2
12242.1
12266.2
12220.2
12258.2
12620.2
12308.2
12278.3
12220.2
12284.2
12261.9
12313.1
12221.2
12220.2
12495.6
12355.2
12295.1
12227.2
12284.5
12356.9
12220.2
12273.2
12266.2
12932.2
12279.2
12264.2
12235.2
12230.2
12220.2
12339.8
12456.6
12423.3
12227.2
12508.2
12737.7
12220.2
12528.6
12270.2
12850.1
12446.3
12281.9
12713.3
12496.9
12301.8
12223.2
12264.2
12345.2
12524.7
12220.2
12297.8
12283.2
12695.4
12267.9
12481.2
12229.2
12529
12721.1
12233.2
12679.2
12696.5
12406.7
12240.2
12220.2
12241.1
12369.8
12330.6
12320.5
12258.8
12292.1
12698.5
12263.2
12295.2
12279.5
12320.2
12481.3
12426.3
12555.8
12220.2
12464.2
12783.6
12265.2
12518.2
12363.1
12260.2
12261.9
12300.6
12220.2
12262.2
12342.6
12301.9
12252.5
12220.2
12599.1
12302.8
12240.2
12554.9
12361.4
12241.2
12376.7
12235.2
12225.2
12240.2
12653.9
12385.4
12240.2
12254.9
12220.2
12228.2
12239.5
12431.2
12221.2
12532.9
12220.2
12404.2
12441.5
12220.2
12228.2
12696.2
12348.2
12433.2
12221.2
12268.2
12242.2
13139.7
12311.5
12249.5
12260.2
12220.2
12263.2
12377.1
12660.7
12462.8
12392.3
12384
12719
12269.7
12347.2
12347.1
12261.9
12342.2
12274.5
12331.2
12960.7
12343.2
12220.2
12271.2
12356.9
12220.2
12314.2
12382.9
12651.5
12503.3
12256.2
12481.1
12330.2
12342.6
12260.2
12465
12401.1
12557.6
12592.2
12492.7
12263.2
12507.9
12472.2
12400.1
12648.2
12276.8
12310.2
12317.4
12657.2
12349.9
12538.7
12318.2
12821
12538.2
13068.5
12611.4
12294.2
12220.2
12382.2
12330.2
12851.8
12832.7
12517.2
12258.8
12589.3
12223.2
12435.8
12242.2
12300.8
12237.2
12358.9
12775.9
12259.7
12240.2
12314.7
12473.1
12261.9
12464.1
12220.2
12503.9
12240.2
12220.2
12660
12322.7
12230.2
12577.7
12239.5
12222.2
12599.1
12240.2
12355.2
12220.2
12363.8
12220.2
12221.2
12244.2
12635.2
12280.2
12223.2
12340.8
12240.2
12225.2
12220.2
12586.2
12386.3
12618.7
12766.9
12773.2
12516.1
12452.8
12381.2
12522.3
12239.5
12274.9
12270.5
12322.4
12534.8
12400.6
12742.5
12317.2
12262.2
12249.2
12508.2
12325.2
12677.2
12561.7
12220.2
12282.7
12230.2
12261.2
12224.2
13048.8
12683.9
12222.2
12281.5
12424.4
12310.2
12239.2
13284.6
12508.2
12404.2
12396.2
12277.1
12355.2
12681
12270.2
12403.2
12260.8
12282.5
12256.2
12464.2
12230.2
12220.2
12406.5
12302.2
12546.9
12230.2
12220.2
12381.2
12265.8
12271.2
12406
12221.2
12220.2
12231.2
12475.2
12241.1
12293.2
12445.9
12559.7
12476.2
12302.8
12498.9
12240.2
12383.5
12241.1
12325.2
12242.5
12225.2
12261.1
12285.2
12378.2
12280.2
12254.5
12225.2
12391.2
12730.2
12258.8
12316.2
12382.8
12220.2
12724.2
12396.2
12257.5
12260.5
12462.1
12278.3
12229.2
12292.8
12263.2
12220.2
12399.2
12430.2
12279.5
12489.9
12396.6
12563.2
12377.5
12275.5
12256.2
12269.2
12346.2
12279
12311.9
12396.6
12223.2
12569.2
12723.9
12323.2
12293.8
12889.3
12514.2
12639.5
12428.6
12621.2
12235.2
12693.3
12240.2
12620.4
12539.9
12335.2
12462.2
12265.2
12297.8
12289.2
12220.2
12222.2
12368.3
12223.2
12556.7
12555.1
12220.2
12678.3
12227.2
12575.9
12713.5
12361.9
12277.2
12282.7
12281.2
12412.9
12220.2
12345
12241.2
12230.2
12281.2
12329.2
12558
12875
12355.2
12285.5
12396.9
12231.2
12241.1
12429.9
12220.2
12220.2
12283.2
12740
12220.2
12370.2
12263.2
12507.3
12221.2
13067.5
12269.9
12444.2
12353.2
12298.8
12245.5
12264.9
12422.3
12337.7
12220.2
12283.2
12662.7
12475.5
12240.2
12298
12228.2
12220.2
12240.2
12317.1
12317.4
12503.3
12350.2
12431.2
12337.8
12620.2
12547.2
12422.5
12222.2
13156
12220.2
12581.1
12419.9
12416.5
12794.2
12235.2
12475
12278.3
12840
12477.7
12235.2
12942.2
12327.9
12241.2
12436.2
12259.7
12220.2
12235.2
12220.2
12260.7
12629
12220.2
12306.2
12559.2
12429
12645.1
12241.9
12239.5
12220.2
12727.5
12305.9
12571.3
12238.2
12323.2
12220.2
12220.2
12350.2
12378.7
12770
12335.2
12223.2
12220.2
12357.3
12220.2
12220.2
12324.3
12365.2
12303.8
13080.8
12228.2
12469.2
12239.9
12223.2
12362.1
12222.2
12274.2
12444.6
12224.2
12264.2
12271.5
12684.6
12227.2
12291.5
12430.6
12220.2
12694
12571
12405
12420.2
12220.2
12433.5
12303.9
12240.2
12222.2
12292.2
12220.2
12221.2
12239.5
12743
12224.2
12633.6
12332.5
12303.5
12399.2
12241.2
12280.6
12533.7
12357.8
12260.2
12239.5
12513.9
12237.2
12299.6
12495.6
12250.2
12422.8
12492.2
12943.1
12459.1
12231.2
12401.2
12385.9
12313.5
12390.5
12220.2
12220.2
12235.2
12221.2
12224.2
12220.2
12420.2
12828.2
12221.2
12580.3
12257.2
12227.2
12220.2
12250.2
12519.2
12559.7
12275.2
12220.2
12331.8
12256.2
12578.1
12621.2
12370.4
12477.1
12765.5
12309.5
12898
12221.2
12337.1
12220.2
12220.2
12337.1
12378.8
12426.5
12356.9
12220.2
12291.6
12237.2
12265.2
12544.2
12220.2
12220.2
12238.2
12220.2
12458.4
12221.2
12235.2
12302.7
12239.9
12385.7
12261.2
12223.2
12230.2
12362
12224.2
12255.2
12287.8
12241.1
12540.5
12387.2
12232.2
12301.6
12231.2
12324.3
12220.2
12415.2
12705.4
12220.2
12257.2
12663.2
12235.2
12220.2
12220.2
12262.2
12517.5
12452.8
12279.7
12220.2
12248.5
12383.2
12352.2
12323.4
12221.2
12412.2
12226.2
12302.7
12258.7
12260.2
13167
12246.2
12293.5
12373.9
12235.2
12263.2
12309.2
12229.2
12223.2
12239.5
12236.2
12265.2
12247.5
12751.1
12221.2
12603.5
12220.2
12408.2
12425.2
12623.3
12744.5
12861.8
12260.8
12220.2
12244.5
12222.2
12328.8
12432.3
12263.2
12231.2
12446.2
13076.4
12275.2
12262.2
12263.2
12316.2
12242.1
12266.2
12220.2
12258.2
12620.2
12308.2
12278.3
12220.2
12284.2
12261.9
12260.2
12241.2
12257.2
12679.2
12220.2
12220.2
12230.2
12299.2
12293.2
12494.2
12240.2
12226.2
12319.2
12223.2
12865.9
12340.1
12220.2
12406.8
12263.2
12220.2
12303.2
12237.2
12302.5
12441.5
12357.7
12220.2
12260.2
12496.1
12230.2
12223.2
12448.3
12380.2
12220.2
12235.2
12505.6
12418.9
12307.9
12279.6
12392.3
12824.5
12436.2
12335.3
12240.2
12380.2
12222.2
12221.2
12420
12222.2
12246.2
12300.2
12225.2
12382.9
12423.8
12404.2
12409.2
12611.8
12364.1
12586.1
12696.5
12406.7
12220.2
12559.2
12369.8
12330.6
12320.5
12258.8
12292.1
12698.5
12263.2
12295.2
12320.2
12481.3
12405.4
12235.2
12220.2
12464.2
12783.6
12265.2
12518.2
12363.1
12260.2
12261.9
12300.6
12220.2
12262.2
12342.6
12301.9
12252.5
12299.8
12377.8
12704.6
12456.6
12220.2
12325.3
12297.8
12220.2
12230.2
12240.2
12462.4
12231.2
12640.2
12226.2
12278.3
12653.9
12384.4
12240.2
12254.9
12220.2
12228.2
12239.5
12431.2
12221.2
12532.9
12220.2
12404.2
12396
12231.2
12220.2
12388.2
12410.2
12433.2
12221.2
12268.2
12242.2
13139.7
12311.5
12249.5
12260.2
12220.2
12263.2
12377.1
12660.7
12462.8
12392.3
12384
12719
12269.7
12346.2
12347.1
12261.9
12263.2
12318.2
12252.2
12535.8
12226.2
12220.2
12220.2
12238.2
12550.6
12356.9
12220.2
12314.2
12382.9
12630.5
12503.3
12256.2
12481.1
12330.2
12342.6
12668.9
12260.2
12445
12401.1
12557.6
12592.2
12472.9
12263.2
12507.9
12472.2
12400.1
12648.2
12276.8
12290.2
12317.4
12451.2
12250.2
12503.2
12771.1
12821
12376.7
12464.4
13068.5
12611.4
12294.2
12220.2
12382.2
12330.2
12851.8
12832.7
12517.2
12258.8
12589.3
12222.2
12435.8
12242.2
12300.8
12237.2
12358.9
12317.4
12480.2
12240.2
12220.2
12314.7
12473.1
12261.9
12464.1
12220.2
12502.9
12240.2
12765.7
12392.5
12381.1
12328.7
12245.9
12358.1
12282.1
12263.2
12226.2
12240.2
12220.2
12258.2
12474.9
12694.6
12270.2
12283.2
12220.2
12638
12220.2
12766.9
12773.2
12516.1
12452.8
12381.2
12522.3
12239.5
12274.9
12383.2
12322.4
12534.8
12400.6
12462.4
12742.5
12317.2
12262.2
12249.2
12508.2
12325.2
12677.2
12561.7
12220.2
12317.4
12220.2
12267.8
12224.2
13048.8
13050.8
12220.2
12281.5
12403.4
12337.4
12387.2
12359.2
12300.7
12296.2
12226.2
12241.2
12241.1
12231.2
12243.1
12258.8
12376.2
12258.8
12220.2
12638.7
12529.2
12235.2
12258.1
12298.8
12256.2
12239.5
12336.8
12220.2
12684.2
12280.2
12744.1
12234.2
12241.2
12243.2
12416.7
12282.5
12286.2
12298.8
12314.2
12447.2
12242.2
12601.7
12240.5
12220.2
12239.5
12444.2
12551.2
12292.2
12264.3
12220.2
12275.2
12220.2
12262.2
12226.2
12304.2
12239.9
12225.2
12261.1
12285.2
12378.2
12280.2
12441.7
12299.6
12419.5
12239.5
12240.2
12360
12258.8
12316.2
12382.8
12220.2
12724.2
12396.2
12257.5
12241.2
12367.2
12462.1
12278.3
12229.2
12292.8
12263.2
12220.2
12399.2
12430.2
12279.5
12489.9
12396.6
12563.2
12377.5
12275.5
12230.2
12285.7
12382.7
12346.2
12279
12311.9
12677.2
12223.2
12569.2
12323.2
12241.2
12225.2
12245.5
12220.2
12278.8
12330.2
12603.7
12306.9
12370.1
12300.8
12560.6
12619
12235.2
12368.3
12223.2
12556.7
12555.1
12220.2
12678.3
12227.2
12575.9
12713.5
12361.9
12277.2
12282.7
12345.2
12239.9
12340.2
12228.2
12220.2
12476.8
12400.2
12297.8
12334.8
12291.8
12248.9
12463.2
12323.2
12355.2
12355.7
12308.2
12315.5
12263.2
12220.2
12223.2
12220.2
12917.8
12261.2
12426.5
12414.2
12388.2
12411.2
12540.5
12220.2
12527.8
12259.2
12224.2
12281.9
12283.2
12642.9
12475.5
12298
12227.2
12549.1
12220.2
12576.2
12317.1
12224.2
12231.2
12337.2
12436.3
12325.8
12437.1
12620.2
12547.2
12422.5
12337.1
12360.2
12581.1
12419.9
12416.5
12415.2
12794.2
12475
12220.2
12457.9
12256.2
12331.8
12239.5
12394.2
13466.6
12424.9
12474.7
12430.2
12247.9
12261.9
12220.2
12302
12467.7
12220.2
12494.9
12220.2
12225.2
12220.2
12365.2
12301.2
12221.2
12551.3
12220.2
12317.4
12239.5
12227.2
12368.2
12345.9
12568.1
12338.2
12240.2
12256.2
12267.2
12749.6
12335.2
12223.2
12220.2
12357.3
12220.2
12220.2
12324.3
12365.2
12303.8
13079.8
12228.2
12469.2
12239.9
12223.2
12362.1
12223.2
12274.2
12444.6
12225.2
12264.2
12271.5
12684.6
12227.2
12313.5
12430.6
12220.2
12694
12548.1
12292.2
12263.2
12407.6
12368.7
12279.6
12243.1
12360.9
12585.2
12262.2
12292.2
12258.8
12221.2
12249.2
12702.2
12633.6
12332.5
12303.5
12398.2
12648.7
12280.6
12532.7
12357.8
12260.2
12239.5
12513.9
12237.2
12299.6
12494.6
12250.2
12374.2
12223.2
12943.1
12458.1
12231.2
12400.2
12385.9
12313.5
12389.5
12220.2
12235.2
12220.2
12358.1
12220.2
12390.2
12539.2
12320.2
12834.5
12527.1
12264.2
12278.8
12317.4
12261.2
12236.2
12339.8
12236.2
12270.2
12290.2
12224.2
12565.6
12235.2
12515.2
12220.2
12679.2
12300.6
12383.4
12315.9
12239.5
12436.5
12342.7
12304.5
12288.9
12408.6
12239.9
12388
12460.7
12551.3
12616.5
12220.2
12226.2
12657.3
12260.2
12220.2
12220.2
12249.2
12220.2
12224.2
12790.3
12222.2
12235.2
12302.7
12239.9
12385.7
12261.2
12223.2
12279.9
12230.2
12362
12224.2
12255.2
12287.8
12241.1
12553.5
12387.2
12232.2
12301.6
12231.2
12324.3
12220.2
12415.2
12705.4
12220.2
12271.5
12443.3
12220.2
12220.2
12220.2
12262.2
12516.5
12452.8
12279.7
12220.2
12248.5
12383.2
12352.2
12323.4
12221.2
12412.2
12226.2
12360.2
12405.8
12748.9
12317.4
12605.1
12225.2
12245.5
12235.2
12239.5
12403.2
12319.6
12621
12223.2
12239.5
12236.2
12265.2
12247.5
12751.1
12221.2
12603.5
12220.2
12408.2
12425.2
12623.3
12743.5
12861.8
12260.8
12244.2
12434.2
12226.2
12222.2
12328.8
12432.3
12263.2
12231.2
12446.2
13076.4
12275.2
12262.2
12263.2
12316.2
12242.1
12266.2
12220.2
12258.2
12620.2
12308.2
12278.3
12220.2
12284.2
12405.8
12220.2
12277.1
12221.2
12220.2
12327.2
12561.5
12860.7
12251.1
12323.2
12226.2
12319.2
12223.2
12865.9
12340.1
12220.2
12406.8
12263.2
12220.2
12303.2
12220.2
12301.3
12307.8
12239.5
12357.7
12220.2
12260.2
12496.1
12230.2
12223.2
12447.3
12380.2
12220.2
12235.2
12505.6
12418.9
12307.9
12259.7
12392.3
12824.5
12262.2
12340.2
12250.2
12223.2
12249.2
12221.2
12420
12221.2
12226.2
12300.2
12243.5
12298.2
12423.8
12404.2
12409.2
12611.8
12364.1
12586.1
12675.5
12406.7
12220.2
12559.2
12369.8
12307.5
12322.5
12451.6
12609.9
12517.2
12436.6
12686.2
12472.2
12283.2
12267.2
12512.2
12543.2
12555.8
12220.2
12464.2
12783.6
12265.2
12465.2
12363.1
12323.4
12275.7
12305.9
12260.2
12261.9
12300.6
12220.2
12262.2
12342.6
12281.1
12299.8
12377.8
12704.6
12456.6
12220.2
12325.3
12297.8
12220.2
12220.2
12240.2
12462.4
12231.2
12640.2
12226.2
12278.3
12653.9
12384.4
12260.2
12388.2
12220.2
12220.2
